id,pos_comm,neg_comm,neutral_comm,total_comments
0afzkLHTUK8,66,27,107,200
XCWmONajkOg,198,22,180,400
OTeIy9tPXpw,31,2,37,70
-_Q5kO4YXFs,156,38,156,350
TngCi2s5rmk,171,107,322,600
DrIFxLhDylU,273,73,251,597
VSRz1ReNg3Y,18,4,5,27
fiEYKSMcHAI,73,33,194,300
xKXxJcf6_IE,85,53,62,200
fBTBc2OA9fw,36,12,52,100
kZLshuD1gmc,136,21,121,278
VSrEIdhrXB4,181,89,230,500
d6a4AGg_TsI,133,30,77,240
JJc1Tqcu-8E,57,11,32,100
NPptT6BsnWQ,185,60,155,400
ZcsE0kjqvAQ,8,2,11,21
2pZ2aHWFHXA,109,31,67,207
0g2lXo-ZnEk,130,42,228,400
scIizw2asro,180,46,174,400
RLmqKBRqyA8,226,66,205,497
yESCuF5dsYs,125,20,55,200
XwW6ZWaQ4bs,51,9,40,100
hwFx0ROBf7o,194,76,130,400
ruYeBXudsds,81,54,65,200
xGzppQWQvq0,141,0,62,203
bvev1Bjx6oA,161,31,208,400
bAMinWdgUCg,210,14,76,300
z5eG8fD-hQw,185,246,167,598
D3bj3PH7PGg,54,78,68,200
K5-f1Bnltu8,95,45,160,300
L6wODNHi4qE,4,0,25,29
mYphOR0Jegw,103,24,73,200
PLDJQondOQE,108,23,169,300
2LkEa-JV9Kc,38,23,39,100
jehAZhrI7oA,65,64,71,200
zFnvAbX96gM,147,29,224,400
SmW6p1HwNtw,94,19,85,198
XswVWE0Jq84,66,10,36,112
D1IBXE2G6zw,212,44,344,600
CzJPjtyEZjE,59,7,21,87
G_SjnHwxWMU,153,90,257,500
Itd_DFAw8OE,63,24,113,200
1nEp6DcHwhs,103,37,60,200
PInMw_UmlHQ,72,39,189,300
CzYM4ZpSDJg,197,124,279,600
7wsYiuNERZA,195,30,75,300
3ImE5jhnOt8,219,58,223,500
7e4vFMJmBIc,176,112,112,400
qqNn14l7hhA,211,28,161,400
cmSphKD18uo,181,24,295,500
bd7IGZ6dulM,66,53,281,400
ckWQt6cKCx8,99,18,83,200
dYstFRuPz8A,171,149,280,600
AQa9pEkQ_0Y,316,22,162,500
u5U0q-hh5B4,34,28,38,100
M3siIx0W8aM,287,38,275,600
0TP1zVBdosw,179,42,379,600
PeUgWK0pUIA,254,157,185,596
GjJC5e4VpDY,9,4,10,23
65fZOBR0pmM,210,56,234,500
UpONjs5kLPc,0,0,44,44
-otJ1LJGzcc,136,155,209,500
5Zs_5VghD6U,206,32,161,399
_f2-88pyRtU,128,113,158,399
1QWLyi03twg,253,165,243,661
a6sywFdvURE,92,55,53,200
xQ4oE_tL7IA,148,32,220,400
dsH83p_mfEs,2,0,1,3
WWexI9YiLSc,89,35,176,300
wQD1JvJZXdI,243,87,170,500
8I8G5XQI9_w,185,25,90,300
nL9bZbv2aXY,256,16,128,400
bvomHFZO0mk,238,87,375,700
YhrOkyCju9k,5,2,55,62
tUKgtLyu8yI,189,60,151,400
VRX84VjIQVw,21,4,9,34
Y2GVVC_cD_E,236,66,298,600
ruRvc4huFkE,135,28,237,400
SpMhnqnbh0g,128,30,106,264
wUHWzsF_qJM,330,57,113,500
-QL9dvmddYs,64,2,334,400
gOsM-DYAEhY,217,40,243,500
UqmxHwLI9yg,250,65,185,500
wmiy00-NqDk,79,24,97,200
yARn15Ks1DE,98,20,145,263
bZbI9rmpaEw,47,7,46,100
Rg_Msa0CAqk,175,101,224,500
hw1RrmlrTtM,187,246,166,599
efD3nmwF-IM,103,73,224,400
TV-_Yuc228s,113,18,69,200
oSV39tYy3Xg,3,8,0,11
uLxuaQSBNe8,51,12,24,87
unByRjDRA34,122,7,71,200
sa3G0vBlucg,174,21,73,268
UdHopftQD3A,212,21,167,400
9W0WPPpCFaM,28,19,53,100
De9hDyIN6JY,33,4,29,66
5NX-U36VDis,138,53,309,500
qZVm-2nM0sA,99,11,90,200
WU_Bbaki3f0,94,27,60,181
BVKnt7H4zVc,73,41,86,200
AZDiPT4PuHE,43,10,147,200
BRzPaDMeRks,47,12,41,100
tSwWCJHHTGc,44,18,38,100
StJTV8bx-jk,72,41,87,200
6v3BWoddSgk,179,80,241,500
tBN9kLaS-uw,349,84,266,699
w7h--c54_O8,137,33,330,500
N_zDcuX1Y54,274,49,177,500
RE-far-FvRs,208,70,222,500
tf57O2T-TBM,20,6,12,38
Iuc0O_Ryq18,238,17,45,300
ZpVhZ-om7UQ,38,16,38,92
iwGP_FeheLM,142,44,314,500
W7DErx-Yg9g,288,13,99,400
9CILSvf1snQ,48,4,40,92
uCVuyIQZ-lA,243,30,227,500
omdov-S2tSA,71,44,85,200
iV9PEBuPwSU,3,0,3,6
czeMrUoy8kw,12,14,14,40
-Jdc7FXupWQ,235,35,130,400
MdBu21i9aEE,348,79,273,700
YF2DM84NDt4,180,19,201,400
7TVLt0sbBO0,62,8,20,90
3hq2c9vdfls,0,0,4,4
OmTb_ea1K5U,145,40,115,300
ELQfBOJOds0,94,37,69,200
1WpOhaJe49w,71,13,216,300
W4YZIAtS-S0,118,38,144,300
2YGrrsKs-Xg,39,14,47,100
ml8Dj5OSR-M,212,73,215,500
Koxzz7LDmEE,133,68,199,400
xGuGjvIfof8,184,74,242,500
9mAcJRFfAL0,184,64,152,400
SYxzzqGhgEs,33,13,54,100
nj0CoMTpcUs,189,19,192,400
adfcVmu1bmM,298,31,171,500
_Z3P18GHej8,250,60,190,500
O3D8d2QNShY,9,7,84,100
SNCeopgkSAU,195,114,289,598
WoPtuVbaSKQ,75,13,112,200
MiFeES9uOSo,283,58,150,491
yl86_6Rr-mU,106,60,134,300
DvbYf4eyGFI,89,22,89,200
TH2QRvu97NI,157,32,111,300
NMRvbg-denE,77,99,123,299
C7ENj3R4Z5Q,154,6,40,200
WQjO1mMCPg4,126,80,294,500
_0d3XbH12cs,151,15,134,300
ktc8XDBq93k,62,10,227,299
4AsSp0AhlBc,21,12,30,63
EZaPeQ2dxh8,0,0,4,4
udnGW3E1vxY,415,59,223,697
r8jWAvF3rcE,173,75,252,500
AAZbviHZVhE,221,82,197,500
x7cwR2G-5Ng,10,0,3,13
exuhr8R2AHw,94,109,168,371
KPqtlI3aJIE,286,34,180,500
vJaUfpbEYIU,33,19,48,100
oQyKpOJhUKY,40,20,40,100
AApylcoF9jA,198,78,324,600
NSFXDaMFUN4,70,39,177,286
SF-psoWdSpo,175,44,181,400
eLhPdGZaotQ,0,1,1,2
q2KehxKQ3Zk,67,51,82,200
yZMt87ZdUbw,221,98,181,500
CwfoyVa980U,135,40,125,300
RSJ2mRqL1cA,13,3,2,18
735_W3zsIw4,128,56,216,400
A0lYm7Qsbak,297,72,231,600
xEKSJLaiZa0,90,18,82,190
6SaFJLHa-Vk,32,11,57,100
SIyW-80e_v4,274,28,98,400
qJVOPnfywCk,241,53,106,400
LAYuMpKE9Rk,16,2,20,38
jK6BesOrfws,214,148,235,597
9e6WeQeBjOI,6,0,4,10
PKv4LdN_JYs,165,179,156,500
rrZk9sSgRyQ,148,41,110,299
BnxkuaQxe9A,92,40,92,224
J7MYJ8Kxhwc,246,69,285,600
R-wJEtDpKls,25,8,28,61
i915IbJ5l_I,77,31,92,200
bu9e410C__I,232,131,335,698
c_weoC3HT6Q,104,53,143,300
FwT9nx8GHxE,100,128,372,600
eKjiJYkvKwQ,102,28,170,300
JhA1Wi9mrns,264,119,217,600
UApJ0enDJTs,73,6,21,100
7DV7TS3XB94,36,6,14,56
QqbMpE4dPao,236,39,223,498
bkxoHhafkqQ,139,34,227,400
Mq9dxmh6JiE,83,41,76,200
xR6d8V5oh0o,7,34,25,66
srWtQnseRyE,42,23,35,100
lSsTCiC93WI,213,134,153,500
nGM76g5Hvfg,22,36,42,100
Ln4gDwbtKMw,6,1,5,12
is7Hx7B5e2c,224,17,59,300
8-M7WA1qX1g,136,88,176,400
88IdVnUESJw,188,74,138,400
oD2HCrT7_Gs,38,9,53,100
apskNjHtGh8,7,4,21,32
UXdbCReBTR8,262,80,358,700
qr1Fpkkad2c,283,31,183,497
g_PtkN3aYFo,84,40,76,200
0pwttmAYCTw,186,28,186,400
rtL5oMyBHPs,148,48,204,400
oSRXEHsORZo,201,38,261,500
ORmSlRu8vvQ,93,126,107,326
DOz4H0jlthc,124,66,90,280
VC7ZqkV1_yw,156,108,136,400
wAcD3mIjZcc,199,18,183,400
abeF5zQbQEM,205,55,340,600
bvuQ0ZusV8Q,141,44,215,400
KUCHBBCj77I,230,46,124,400
9fgtEM8-VTI,243,177,180,600
JKGdQjx-_BI,4,0,5,9
Mw5T62dJzhQ,80,24,96,200
AHrCI9eSJGQ,168,10,22,200
2VXWgIOPgmw,95,67,138,300
X9A8BpKZhKs,17,3,29,49
tt2k8PGm-TI,45,4,51,100
p7sooI96zPI,0,0,2,2
cXQUObfBXYk,101,13,86,200
CDfhFfKSohc,131,97,269,497
0lDRz8qmXpE,144,54,102,300
MtOiRhapfFE,42,11,47,100
E5Hfl6Nqw3Q,112,138,250,500
UwK-WDjdMxo,50,12,138,200
fcubmjoGH7I,259,42,199,500
5QCv3dJBPyQ,266,26,108,400
2iObySa91b0,187,126,186,499
evvVtqmvE5w,162,79,259,500
a_MFkqMZTt4,121,38,141,300
8WyDjXSLg88,198,70,132,400
kD6kOB8iCwk,6,0,12,18
cfSIC8jwbQs,109,48,143,300
09xOyqOO1Eg,97,33,70,200
LRuLYXsl_A4,6,8,8,22
tUXLO8Dtvq4,43,74,83,200
Qg7YzqCRoZ0,191,44,165,400
lw-Xu7ZLD3w,98,62,140,300
LpZqwLZP5Vs,35,36,127,198
3sdwibrYkUU,1,0,5,6
mTnRc4pVu4w,36,11,53,100
eoAEp5A-arY,19,5,17,41
eVIezLcwc7s,124,26,150,300
AaGVAaGylgQ,76,7,17,100
eS8Wkk7APZA,5,0,6,11
aZkqHx5uri4,115,18,67,200
hg5yXLhl3CQ,6,0,8,14
BcYJ0CRyWaQ,32,13,55,100
xIhTtzJ-mj4,52,14,34,100
AH0f3hesKjI,110,46,144,300
xtEQkOp8mZ0,74,48,97,219
BNJUsE7pEs4,212,81,207,500
rDkhmTCWssc,10,10,16,36
IcYbVguyp6w,235,18,114,367
evdxH50J3rs,64,19,77,160
dy5xLVx2NGY,197,121,279,597
yBt9zuvZxIc,130,114,227,471
JNzCrIcAnck,230,50,220,500
xsWO0dRf1p0,276,38,184,498
TDuE0y_4Vl0,17,8,6,31
q3br7KKr67o,219,15,166,400
vaAzCXxAoQE,170,106,224,500
zTjcPeb2Gwg,146,23,131,300
SHq2qrFUlGY,139,33,528,700
b7tp_AvS2aA,26,30,44,100
z5Wo-iF6lA8,187,119,294,600
aRgTLb5EbiQ,337,12,51,400
BdV0dkx2oik,64,60,76,200
RkBEEiG-wd4,117,113,170,400
OLTXWUWcwOo,300,45,153,498
gGILiLTenR8,134,89,277,500
H0bVlfJsR4Q,143,15,342,500
s3Hk_lDw5yo,23,10,67,100
ASRxQ6uiVuo,233,34,233,500
sI6MZg0hkUk,73,43,83,199
zJqnpoJPDMM,109,46,145,300
V-_HM2bRa0E,131,12,57,200
Q07Cp6tswnQ,200,25,275,500
H1--Pifm05Q,97,54,149,300
aw28GKtWxBw,177,81,242,500
PgeJ0XYuI2E,253,56,191,500
fLLe5sODKtg,290,59,51,400
C1i3ESnliMQ,28,18,54,100
x5Ps13AeXxQ,349,46,105,500
c_9iv9HwO5Q,149,45,106,300
jzaRIWMxz0Y,64,8,24,96
9XgflsmKnK0,142,35,123,300
6qCqrODw1nM,63,73,64,200
7uOvL5eLpeE,297,10,192,499
xch78xg1DVc,18,20,52,90
_cu4FHyCcT8,170,66,264,500
D6oaRAgdslE,200,142,58,400
s8GrGvjhz0s,251,146,202,599
aTF84_CqzxQ,142,15,78,235
hwthovxn3zM,98,11,94,203
6IlVWeI_0yo,47,3,44,94
a2B9pA8aGUc,4,3,9,16
LunHybOKIjU,253,228,319,800
WYYvHb03Eog,271,137,392,800
S9vVoJV_YB8,11,3,18,32
xBU77C4cpTk,337,63,199,599
hR1nU9IJsoM,201,36,63,300
_5ZrSKpbdSg,171,58,170,399
4hqqFqcr1K8,83,23,94,200
JsTptu56GM8,95,39,66,200
PHXkhUJWTXM,58,62,38,158
Alp_a88C8dY,73,55,72,200
470TG3AdA1A,109,49,115,273
UejIDD3lhEA,2,0,1,3
lLAmL6Tz59Y,87,67,246,400
hbfxFdl8B8M,192,86,122,400
kEUfrSxTQ1s,27,60,39,126
0bcHEsmmpzU,165,72,263,500
EwujR1ARsog,2,0,4,6
zuKX0fPlo2Q,2,0,0,2
6v-oVPROexw,215,21,64,300
jKInAMNrXRA,128,43,129,300
y4D1KtVetKM,106,40,354,500
GGHIOGtHjYg,40,14,46,100
uHCW6nfbosQ,259,27,214,500
GBWMwbDxcO0,46,10,44,100
y_h_1uN2RQA,362,23,115,500
R8NeB10INDo,87,30,83,200
PUzXPm2CEBU,111,77,104,292
r3wQ8ISV4wc,51,10,33,94
LGGi7IVl4Sc,11,16,8,35
bpy5Kfdhp8o,7,0,4,11
Ef93WmlEho0,242,120,238,600
FyN_fIc0-VY,16,10,6,32
gqYZLNMDVJc,190,35,175,400
nb5q4Co-eac,47,12,41,100
e7acWkAb1dA,206,73,121,400
c3pFWJCQy5E,70,12,18,100
5cyiXm7vAgc,173,62,165,400
R1ZXOOLMJ8s,198,80,322,600
AR4UgRJOUQY,29,19,52,100
-C-LJUD2LWU,113,38,49,200
8ZRCdfaAIy0,246,78,176,500
ccLXx4DB8ZQ,148,106,146,400
hEdvvTF5js4,157,67,176,400
uNnslXhf-zU,103,27,165,295
tLv3X-aMyWQ,260,15,325,600
eoArC99zm1M,58,24,118,200
QBGaO89cBMI,190,63,247,500
1L7JFN7tQLs,321,125,254,700
nJSrCX1U1hg,101,60,139,300
xbBMVa2A68s,218,74,208,500
biKYH7o8j7k,171,79,150,400
tfHCtgyT-oQ,132,44,124,300
etn4P80K5WU,90,16,92,198
_StIv9i6as4,141,14,145,300
XvPWUkHjWG0,212,61,227,500
Zmi9iQp6944,399,55,46,500
KdFTi2Z90AQ,19,6,14,39
MmAL1EOkLUo,2,0,4,6
pXFIMdJduvY,320,54,226,600
MTIzurDnEsk,204,68,128,400
HkoGtBEA1co,236,30,134,400
R_jKUDmJs1Y,116,54,329,499
RyCDmg1JXcQ,139,56,205,400
U1ArsQ72hRA,12,0,3,15
A9U5wK_boYM,123,18,59,200
vGwdgL-x78w,21,9,18,48
_lnPimlBnk4,124,60,216,400
4qxqtwNu7wg,137,19,244,400
9y62mZn0LXQ,128,60,311,499
R1g07RpTPFE,148,61,190,399
WMAtfhATTLg,186,27,187,400
WSFJsq_jwMs,315,46,239,600
fUjicxMPDzs,182,110,208,500
1lOd7rDFYbc,204,12,83,299
tku0H7YeMeA,274,18,107,399
7KbjNfCV-lY,107,9,84,200
B8G8m08G_yo,150,74,276,500
Xa-FV6Oxp1M,118,50,332,500
ezgtjMfgxos,12,5,14,31
qAPx7N1jr_I,67,114,119,300
C25qzDhGLx8,81,49,70,200
CWvmvCewANI,42,34,24,100
BVzLwYYsPlY,7,5,29,41
Iv2lWZxzUj8,140,56,204,400
x2l1vZ9dvAE,129,22,147,298
WHvT-oGf6ik,154,41,105,300
pZUgK5EAOGk,221,30,148,399
86pvsOPUmD4,6,2,14,22
M-N8hVxja94,198,57,145,400
CrwmpuwLBiI,157,112,131,400
S-a8NVEUO4E,2,0,0,2
hqHlIRZnF38,204,55,141,400
aeUyLiIlDVE,16,6,18,40
1Q-ZREGfxTI,137,79,184,400
3uxsHmxQBHA,210,107,183,500
ThPzNokG5uE,34,8,58,100
5mdk5oz6l3w,10,10,20,40
K1ZzzMiZGDI,80,23,39,142
gMhysL2A8Qk,35,0,39,74
KEBDxhqhzF0,254,73,173,500
c8xGJju2x20,42,50,129,221
tOzbDh45Z7M,13,2,11,26
2zISrf-7V3U,293,55,152,500
FzebOysQeL4,23,25,52,100
aircAruvnKk,124,12,64,200
JgYfZAjOgEM,116,20,64,200
k8T9SMqAqyc,290,8,102,400
mPjgRKW_Jmk,202,186,211,599
zuUQDdWNAPc,86,13,101,200
ykvX-E1nuag,102,27,71,200
AzWiUQEdJOo,172,129,199,500
wmca2wWi1CM,124,97,179,400
ICqTZeiimpk,67,46,87,200
lIkbdfBAdZQ,27,9,33,69
_yvDc9t1gZE,306,34,160,500
zJqk0iM96iE,157,62,181,400
5JcZsNxT2BM,76,36,88,200
5DDB6YnVCoA,187,0,106,293
hBaiNeNZGJU,242,18,140,400
0eKdNcP4xrM,358,78,264,700
6ErzVDwcla0,16,0,18,34
IFKkcaj0kAE,98,46,56,200
Z_GR_l5QtdM,198,48,145,391
-Denciie5oA,106,69,125,300
5XpbCWsHWKQ,91,11,98,200
1-mNxzvJSaQ,102,44,54,200
OMGO51u4ou4,236,62,202,500
zSqbS19xiHM,68,10,122,200
FMVw_Ty8qTY,215,19,66,300
K9Qn3Gzm2ig,120,7,63,190
OY_cUBpDoiI,39,26,135,200
_GC5AVsf528,90,20,90,200
F4ELqraXx-U,286,76,338,700
FN5n87Gj0LM,248,196,156,600
Lf3ER5Ope_s,75,34,89,198
i3-Nf3cxlmg,167,107,310,584
uqoFsqOJYCg,84,141,75,300
IRdrt8nPyy8,182,78,240,500
9gpjRy3uDUM,173,117,210,500
7D4-49pkEWY,166,51,175,392
b1wlmTNERqE,165,18,117,300
zV0dpCG-8go,203,118,179,500
5F_utV45MT0,32,31,37,100
OFzoFhRlEnY,71,112,117,300
pV_5gjQ7lhk,188,121,291,600
ftrFGwlYO7w,268,39,193,500
eERPlIdPJtI,414,31,155,600
NYD9ByC0c_I,86,20,94,200
iTRWe2XGEGA,53,59,111,223
5Vd10gwNJRs,166,21,71,258
-6Zc8Co2H3w,192,33,175,400
eN6JVKmMUhw,185,18,97,300
J0sg_Au8zX8,54,24,38,116
miNpG98Hv1w,51,13,65,129
XfiXby489Rk,66,5,26,97
DAOrRCeCK-w,73,58,69,200
DUFBEamEF0Q,71,46,83,200
ebzims_XwpM,128,24,148,300
KnE3055j-A0,194,135,271,600
rtk-BLeHv6M,109,48,243,400
Ama7Dc1EgLM,51,15,34,100
qFltpuZJAns,38,20,42,100
bxgFjzRW6EA,263,89,148,500
vVnJKV8aScc,156,12,108,276
HcNcOnIkQQU,240,11,149,400
-Ifnaxi2LQg,265,125,310,700
5ywKal6-anc,26,21,53,100
g4xW9aCg2zY,176,59,165,400
e21VLQGCJTg,179,23,298,500
2eAuJIGlp9I,154,122,124,400
E7HqW6S-g7c,232,105,263,600
mGqR9sgMIyA,5,7,13,25
pU4uLAI48eY,145,25,130,300
8rhb5wTCero,289,63,148,500
pgCtsVdK4HA,125,107,168,400
cNgT8qEQJ3w,181,117,347,645
fuVu3elWRXc,5,5,0,10
QtVL76gh09U,208,77,315,600
JdqUUKEATiw,32,9,59,100
2bOeaS1wREE,1,1,1,3
rCo4gIZu0DY,232,47,221,500
aVsOXRgjeeU,155,53,192,400
M_FP7x322cc,31,6,15,52
CN4YL1KPDAA,121,49,130,300
taKGnsqeCPs,46,7,47,100
AYrTkoRr6hk,107,42,55,204
96LawfHPh6s,219,53,128,400
H4gFlDn6c0c,111,18,145,274
e4HRUcyMvZY,23,8,50,81
px7dYqZPk6I,151,30,219,400
dInwVhRtN4E,188,198,313,699
w-n3qiLeVqg,222,205,273,700
B9SptdjpJBQ,179,66,255,500
cyN6GMY78D4,237,46,217,500
DdTamlcP-3Y,47,20,33,100
MDe4hPh7dDU,255,81,164,500
6vGg-jJl30A,109,13,78,200
vSDCb3bdFlw,22,28,36,86
a6Zj09zFXbI,266,33,201,500
5IG15ff4Zkk,8,2,2,12
PlTRnF7KlV4,26,22,52,100
ARSNaSeT9hw,151,33,116,300
nOllkbo99SU,12,0,18,30
8hAdOYDoo4c,184,44,172,400
5pvkw5KkQuw,44,7,349,400
WIWlRbpO9RU,57,35,108,200
39wPXnFMypY,56,16,27,99
U69QBI6MK_A,1,0,1,2
ouJwpthMfkY,171,33,96,300
TmVu7Sn7hZw,146,174,180,500
2caEL5ATPX4,53,7,40,100
OlIeFVVXRpc,51,89,60,200
OthEKbkPftk,60,48,68,176
IA9vLOmFyp4,205,11,84,300
G_wmoWfZQAM,328,28,144,500
uy1FAz6zrQE,83,62,155,300
xU5-_EGfcHw,73,32,95,200
mOrdWbqp85E,182,27,188,397
5jRYB3nGxmc,95,25,78,198
efJ1xZJDZlI,18,22,24,64
1KCZHHMZVGQ,163,98,236,497
ufaDurSCKOk,203,106,291,600
-tCu0tKrzhc,52,17,31,100
pyb7UqbdYTs,228,32,239,499
Z4QcwsEbKyo,224,147,129,500
I5rD1_rxG5c,25,50,27,102
bAon04ZJhHE,115,60,125,300
BDw7rRaZ6GM,75,21,54,150
xlu6i6lT_vk,189,75,335,599
3Sjd4BVHdc8,23,14,28,65
OlI8r3nNUVw,169,93,438,700
04UjShXZbD0,74,31,95,200
-3AGlBYyLjo,0,2,2,4
CwLGro-dFWg,300,89,311,700
iA86imHKCMw,127,118,155,400
b3NRvrmKeMA,58,13,29,100
rBKYvAdXT-k,33,2,65,100
A8QQBRIqZmw,246,145,209,600
R7y6fm0XTpg,218,36,246,500
lQX0jvVQywQ,280,84,236,600
OudFElslbh4,99,11,90,200
k1vE_LVBx4s,92,53,55,200
eJB1gcydsbU,35,13,52,100
LVPIM06bMJo,238,30,132,400
k9bYO7uSnrg,6,8,10,24
Hlt3rA-oDao,396,146,258,800
8ropWor8aAM,68,9,23,100
s7eVr-OUYkQ,25,0,19,44
ddJ7HLIfJdk,85,17,98,200
o97_jDomyqc,243,46,211,500
LDXr12ToYuM,250,38,112,400
n54-eEvoMpg,88,39,73,200
7wwTAo01AKs,89,117,94,300
-jFgNreZPf0,215,75,210,500
R42GHW6RY20,25,8,32,65
DtsWj9XiOIY,286,30,84,400
V_liC4y7alU,131,31,138,300
KQ19fT4BQQU,2,0,0,2
nQwolVLD1MM,140,40,320,500
Ga1uiDaqMjQ,54,76,111,241
7esz7R9p_40,61,4,135,200
H9KaqCBEvvg,17,2,26,45
iALfvFpcItE,186,203,307,696
KMZ2vfIoA9k,74,39,87,200
S9VIKOuZcds,46,24,30,100
JxEj2ZjgNzs,127,4,69,200
8F_eHiMYQjg,6,0,7,13
6z-X4r5JkyI,265,61,174,500
xcaeyJTx4Co,208,57,235,500
kcTdfHXdRXo,177,58,265,500
ORSMs7lZtdY,103,117,180,400
8vb8E7QTSCU,17,11,26,54
RVSSCN2ts_g,83,55,132,270
H7ojygIbMYk,207,45,138,390
MMEgnbIVWXc,44,8,27,79
KKwmCzoXbtE,28,22,72,122
Ah3V4S15Lyc,56,50,94,200
OWpSYn40eLc,178,62,259,499
8QKP7LXWlHk,156,45,99,300
30QPEkhcYeQ,89,74,137,300
mShBE_wHAk8,0,0,1,1
NVvJ3t5eiTU,65,94,141,300
h3M-3SrmDok,156,103,241,500
5GNcAkpN9tA,30,25,45,100
XBGCYqRInM8,86,33,81,200
uE_hF1R20rg,33,14,30,77
t8sgy0faXyg,362,140,198,700
9ZWUKMDjysc,36,7,7,50
tSLjM6cZaTo,93,61,46,200
UQBNfV9sTCE,150,41,109,300
Q1eQw4ycgQM,60,14,69,143
j4OWNMSOwbA,8,0,11,19
AjioF-ZFDHQ,38,22,40,100
nvAhI3ZjnjU,232,53,215,500
bB01zORIGkA,137,15,48,200
oD7nZouNyDA,139,16,45,200
h5kbGO3M--4,166,41,193,400
Fpt3ImXIImY,17,22,14,53
jXQitd7ahV4,258,30,211,499
pfQ09sKITss,72,41,87,200
IqLi6Pn_rVo,190,26,84,300
FRjPEOPr6pA,35,15,56,106
VH1RwkrHPvA,194,114,192,500
JtZo62mPEKM,188,43,267,498
oits7sq4nX0,190,98,212,500
J_e77K4n6Ts,52,25,123,200
GoJsr4IwCm4,101,45,54,200
F9IOTQ3q8Z4,38,12,49,99
Xul7ku1XxRY,285,125,290,700
0ptNpGfMRCg,213,83,303,599
O2pyRDQgVjk,165,80,155,400
TP0PsCb371E,129,151,120,400
klSWPvDCYoI,82,18,100,200
Y12lF3cYufo,56,37,107,200
VzPD009qTN4,255,89,256,600
x4SheWJkn6s,124,43,133,300
rjlXcMhQgPU,82,72,146,300
TBJIAgiIHg4,7,0,76,83
YrTKLZi6rqk,232,32,136,400
2DTwXdqmRiM,190,96,307,593
S_DltnHeJ-M,236,31,133,400
K-zip2qToVY,4,2,4,10
zcqZHYo7ONs,336,137,227,700
vHDtNBh6aHs,94,94,112,300
SMinvx9EkPs,72,4,27,103
j8ziXMTpkL4,168,31,301,500
QKy1OazdMD0,74,43,75,192
R6ja9qNmOaM,189,100,111,400
lse3oJfPPk4,260,91,245,596
oEs0BP0i1Ro,51,51,98,200
-cYk6sbe11c,60,30,106,196
mceaM2_zQd8,104,54,142,300
bO-cI25XaAk,17,6,18,41
I_JtJHJ4384,2,2,0,4
mKee5Xezp_0,137,27,136,300
2qiBTkVRp1U,245,58,197,500
wd9-VP2LzM8,80,27,93,200
4WNHB8vROg4,263,102,135,500
GSxeF68FRsk,46,20,34,100
DuWf6MTOAz0,22,4,27,53
eUhGww8WyIo,49,18,33,100
41taYOq1kVY,367,50,183,600
GtBcWxjioiM,130,15,55,200
thUp8jTeJ9Q,141,47,112,300
NWwBpOUkx9g,32,20,46,98
UuOAs0IiEI0,263,78,159,500
Ri4xPHGS5f8,96,144,157,397
GmSUlGEd_A0,7,1,3,11
TF0TRv7Fw94,136,81,282,499
rOxL6UaZqw4,83,43,74,200
eP_LYrgztRI,69,8,23,100
CsdzflTXBVQ,274,100,326,700
GG2hY4h0mJM,80,14,41,135
IvQQJmWdtH8,260,13,127,400
5e0LMJRJFaY,152,53,95,300
IZ5izPbcgG4,87,28,85,200
QC-cMv0e3Dc,206,117,177,500
TTkzAiZ6YV0,167,48,185,400
D59v74k5flU,137,41,222,400
wRe9jBoBwFY,45,10,61,116
HUgYoT_xEFY,370,33,97,500
GDIOfv643TM,86,60,250,396
RlduVwzqK2o,262,15,123,400
p_P9J97ELlg,265,40,95,400
mPw8v7Zix5c,28,1,16,45
kIssu4XLg00,194,74,232,500
cPZ3u1z8kU0,55,2,28,85
4kX7iBnoivA,307,99,94,500
VGBZ2YfVx1Y,196,57,246,499
7TN09IP5JuI,275,39,186,500
fM8yID63CSA,55,20,25,100
a5F05Qpi6lM,181,122,197,500
amds5iNvFD4,88,19,93,200
SjZWJoNYpHI,101,40,156,297
yTVysPsX5ns,20,14,66,100
jmc7aUVKCMA,164,95,141,400
nceSvKBjp5g,109,78,154,341
jc1_s2c32zs,38,5,57,100
iptgKv3iApI,69,45,81,195
66Wcyu73MAY,11,24,76,111
zJufeAMRHy8,103,27,63,193
lCZCWjzQUM8,30,40,30,100
f24IrRsf-lQ,243,44,213,500
hM_kejkWeHU,179,16,105,300
o8R5f2kNo0A,228,37,135,400
2Lq5pZrbpHc,167,73,160,400
kAphgHhlteM,108,10,82,200
aDuB1arf8aE,261,31,108,400
sRAp2MO6TUY,146,27,127,300
G3fZBW_okks,295,28,177,500
WpddITk3bK8,212,60,228,500
pCSgWJzEvrM,53,20,27,100
Z5ijKVGjsh4,80,20,90,190
P_X6hIyqUxA,209,83,208,500
F-qdRPUC_Yw,48,20,32,100
jkrrdsEzi-s,123,44,133,300
1kVLpFilePw,45,11,44,100
xnSew-tCuPo,264,28,108,400
QQVWMp_xgGg,265,219,216,700
O12Rt0JSDpA,122,17,161,300
YF6dNlhXaJ0,43,16,41,100
uB_Kx6T3wq4,260,47,93,400
FfRGxN2zeWU,304,24,172,500
Bo-qp-Zu0OY,12,1,9,22
zAXn-v9RdXo,5,2,2,9
v8t0ASudM-o,104,7,89,200
_VSVLmBO7yI,0,0,4,4
6lsPIlsbqsM,6,6,17,29
cqpg9IJ0jbg,60,16,34,110
11S5tcT2Tm0,368,17,215,600
XAA8LOWEY9Y,54,43,62,159
8ndhidEmUbI,255,214,230,699
wfZGngrCpys,144,49,307,500
9QdaNUrq1EQ,74,51,75,200
zKriLekFPwg,384,57,259,700
x9VBzdkHMBU,177,45,178,400
YmnxIsRn5nw,56,8,36,100
FZrrfGfI3uM,174,55,171,400
Q3Rq-irFn1w,139,47,114,300
Lv5DFKceFac,56,8,36,100
roiPLImXMoc,350,41,109,500
nqnkBdExjws,292,32,176,500
a5NIg5yyHWo,48,18,34,100
ENskipCo-eQ,32,17,351,400
K7pQsR8WFSo,191,58,151,400
V_U6czbDHLE,210,54,236,500
kB1hCteyEew,33,10,57,100
_pc1kON-doU,299,67,234,600
sNSzJiF4sB8,36,11,41,88
qi2uOOAKJjY,204,14,82,300
VsXu80J31uc,97,86,217,400
0tOUQt5fem0,13,0,0,13
ktl2mLsSq4o,69,28,103,200
t5Q5uRIc26k,34,12,54,100
YQYslaA1Lus,91,39,70,200
4Sk4n2ggxRI,64,20,49,133
XNJmeXb4Y0A,52,6,65,123
IDvy0ybpOUI,92,48,60,200
z1g7n0QZvvE,13,7,4,24
GdoNKbGQs9U,87,8,96,191
GfqD5WqChUY,256,45,99,400
LnuUkfwqz3c,18,19,23,60
yAZwhN-WKGg,28,49,27,104
0dnd2j_is1U,13,7,12,32
-zCYX0esYlo,114,55,131,300
X_PZvUM8P_U,101,160,139,400
TYR_7CeO39E,276,52,271,599
5qlSfNVp3fU,218,70,212,500
_Pom2EYv3NM,302,23,175,500
TNhyrPaGFYQ,63,49,288,400
Y8kAZAQ5dX0,173,39,288,500
N4Jb3gkrGXI,73,54,73,200
p1WJ01Ij9AQ,79,30,91,200
eHq6ZA6uKOg,53,43,75,171
K28Az3-gV7E,80,18,26,124
4k56sdESwHQ,189,55,256,500
5eSSL8hRU_E,72,9,33,114
S_9OSktlm6s,150,62,288,500
mi52IqpOp54,1,0,0,1
u6iVspBWzZU,103,65,32,200
sOfbbmUh8CA,115,77,208,400
Vh2WX2JNIFo,97,67,136,300
BHMJ0LGZ5fA,21,9,18,48
K3U7Z94NHgg,69,25,102,196
vd7LCYVH1vc,6,4,2,12
YMLLK844QII,124,21,255,400
lBp01IbxMEg,43,7,11,61
zrOHeEA14kQ,135,114,249,498
-uYWFqTPHd0,191,42,167,400
q0B8k3UPZNc,227,51,222,500
ZYQ1cVRtMZU,117,28,255,400
Y61Q5w8qdSw,110,86,104,300
ZcTvrxwP6Is,210,157,131,498
S7rQSRGGKSQ,171,50,79,300
4v38ugGj3u0,11,6,14,31
8oyf8Ecwo-Y,140,79,226,445
2HcqS508lIo,182,113,305,600
CEdAjI801Wo,0,0,3,3
I1P7GoZcZpU,92,10,42,144
fTW7EgoKpSE,15,3,25,43
IvFw9zhIYkQ,223,111,66,400
P00HMxdsVZI,78,23,99,200
Pp19TkIU_fw,87,28,58,173
rWKz0ZC_G6U,264,51,85,400
iX6ScurPhCo,83,74,42,199
y_v-3_sPsRM,172,70,258,500
Q7o163QU8CE,220,11,69,300
kjNU-dbG3ek,121,79,200,400
_Jn3urgf7zg,42,25,33,100
4VgnTrbaQWs,136,28,136,300
pRnbzkMsgmM,83,108,109,300
ckXN4Tc6-c8,220,29,151,400
t3oar3hIDWA,46,9,45,100
wGQtrwey-TI,90,22,88,200
CuXq1hOa8_Y,144,116,240,500
PD7OWHNAUqY,44,26,30,100
Lp2TXZ3wzjs,397,54,144,595
00P112HXoK0,24,41,35,100
rn5Xgak1zzA,69,65,66,200
16-xMnzDQ4M,72,5,23,100
TXo-qOQNK3E,216,74,110,400
dE9-DgGYZRU,113,86,401,600
EmlH7yRKmSY,114,66,220,400
VFODNI4DBDI,110,176,214,500
p-305IQw6-I,202,42,156,400
A2cRZL70C0w,122,58,120,300
qdWUQGHtyPk,211,96,93,400
VY8IqDWZwbQ,27,3,14,44
y4BQEzQieEU,4,0,10,14
uNseVux0CA4,207,64,225,496
5CZAmbA4SfU,116,78,205,399
YicuZ0gYH_o,152,133,199,484
SqUXhozARl4,33,14,90,137
2m65xSqUWaI,106,41,51,198
q68xUVH3qiM,173,127,200,500
iB9YvFfTkuM,65,41,69,175
b7nxDshnz9Y,6,2,3,11
EbthMC6spAE,257,48,195,500
oePt4JgdyZo,74,42,84,200
WvkrRBduZ84,160,12,74,246
FxElTWf7IEw,100,43,135,278
JV1NB70gLQI,108,73,219,400
-UAdFerZMWc,71,20,74,165
Lf50KrdASTI,89,41,170,300
F1DxLQbx_bU,108,10,74,192
nImFZRtGeAQ,92,32,76,200
v36OO-vZTQk,31,11,58,100
rHfyvSgvgoo,88,45,65,198
IP81Je7APoQ,127,147,126,400
Hg6L_7qLIEQ,141,77,182,400
FlwK54Qun3Q,247,0,96,343
GLbJCklVVJU,110,36,154,300
yNaLblrdflU,202,101,197,500
k0WRpQU9zK0,38,4,58,100
zgLtEob6X-Q,228,67,405,700
EUoe7cf0HYw,149,29,122,300
iIOkX77kT8M,46,11,43,100
fQxLlq7lxVM,116,4,80,200
M1nSzaWFTDE,80,37,283,400
50JL8DEeeS4,187,59,291,537
uZ8L6qLeC74,139,18,43,200
po5VUW3I8P8,118,60,122,300
WFkhq40z348,29,5,22,56
MfbNXanrhGA,82,70,79,231
KQWzIETlBw8,42,60,65,167
ZWTlL_w8cRA,360,30,110,500
r30snlzbYaY,209,28,163,400
gIE105f0ejg,133,72,295,500
mGibr5Uy04w,137,49,114,300
Gw01t6btiR0,117,9,74,200
6O7x7-srbHI,201,33,166,400
thD6TNUoyIk,302,72,226,600
XSCneVakGGk,131,89,80,300
pkWafXW55eA,65,30,42,137
H4_o4thCQpY,132,167,199,498
qbD_9zymEP0,53,12,66,131
Uw3eeaFT5Rw,225,7,68,300
TrMTFvHDv2o,29,19,52,100
c7ymY8QEB2g,133,17,50,200
6l5P7jHUcjI,187,93,320,600
MrujGOjzUI4,230,75,295,600
XaE08gz0ogk,54,18,28,100
3QWQ4gN3j4E,200,125,183,508
c3JbJmXInOs,190,73,237,500
FUBXKn1oP0g,186,64,250,500
8V3B85bfVFI,75,16,109,200
kxqeW4v350M,44,19,37,100
5IP8jQNXDOo,68,53,79,200
pqSN7lsPs2k,206,52,242,500
nAau-s-NvVw,47,6,47,100
_oO0pd8VJjY,136,72,192,400
VQTyRVBkeIw,79,81,140,300
SHobkpQ9GOM,197,65,138,400
GMFnJln3IEA,20,15,10,45
xLZoYh-aMm8,63,9,128,200
xGqMGGn3Sko,28,27,45,100
wWK5W1b17uw,55,26,119,200
81OBIsQoQIc,15,9,276,300
41dUEWlH1Ks,18,39,43,100
XYURnv4Ld2M,63,6,31,100
RRkdV_xmYOI,39,19,42,100
-_CmfnzbLFc,237,27,136,400
cLPgQ9kPpFM,5,11,3,19
IpJGlaxUUp8,14,7,10,31
IMcVhfQfvow,52,44,104,200
_HTXMhKWqnA,160,73,167,400
7Lyo5dCig-U,66,30,104,200
0VfGA5bE1AQ,136,38,226,400
J4QLJiv-Eo4,11,5,20,36
Uc32z-wgxU4,178,58,264,500
g85RGiOgUtI,219,42,139,400
avlEK3PTvw8,193,19,188,400
GlWaXiJVwYI,99,28,73,200
o9n3bR8VMW8,148,40,212,400
xGd8KIXqPJY,195,68,336,599
oK4me2hI_Jo,240,52,108,400
B7YaMkCl3XA,116,57,126,299
ksdAs4LBRq8,92,12,96,200
i2kJUYeb1Kw,164,29,207,400
QtHg9jQtBII,30,36,34,100
raNcTqw-I-o,78,44,78,200
h_mpwaCJUrY,40,5,15,60
z2v_rL5C8C8,231,57,212,500
EmjMWi0MBXQ,48,12,35,95
oySwpCuzQ9A,88,35,77,200
PnaS9pQZqM0,30,11,59,100
8z2RgsLSn-c,113,24,63,200
1y7giHbrvcc,230,52,118,400
0H3MirHyX2w,94,61,145,300
MuhbA_bB418,143,95,360,598
Z0mzCVe_onw,286,31,183,500
G1VEccH7jJ8,77,25,98,200
qR1EM-RIZNk,207,115,178,500
07v6qA2l3n4,130,10,60,200
18HD7Y3tT9o,260,40,194,494
KwcfpkTKEF0,150,51,99,300
GO6qs83CHpc,176,70,254,500
76WkDuiAjeY,138,25,337,500
pGVtDzMDJ0I,263,64,173,500
tp9aQXDFHbY,279,74,147,500
9wRgNPdU7fQ,119,52,129,300
TZRuwzX94Kw,8,3,3,14
Y7tLoqNjkks,4,0,18,22
qCH73iQAZS4,257,65,178,500
jLa9wZHiqxg,1,0,0,1
xHvVhhFvLtY,233,78,389,700
WYoWaouvXXA,97,12,91,200
4MkC65emkG4,248,161,291,700
lDATIqC43aY,2,0,2,4
uAI5rSiGyNY,79,19,102,200
np4Nw0tBun8,202,34,164,400
lLN1FwiqGwc,236,85,179,500
rFFo-0v_vi4,183,20,196,399
zWxo4uZW-1I,116,8,76,200
JKZM1uTWBJw,67,2,12,81
eRDxDEhEgNY,97,36,67,200
_38JDGnr0vA,279,36,185,500
qy-UZ5B38-Y,164,61,175,400
cWIEF2Yc58w,240,122,230,592
0ceNfXrccbQ,84,95,93,272
941Bl3oxk8Y,140,21,139,300
EuvVOA8uvsc,243,115,142,500
PJsJ96yyVk8,213,76,111,400
g9oCOSvYkWc,101,37,162,300
5PaDeyRNUyc,269,129,202,600
AC83xjb5Njw,153,11,136,300
wqcHGWG8MLQ,180,23,97,300
Bn7ZtoFTm2Y,133,16,51,200
iGHDJ2_hsKE,225,47,228,500
86eoHaPREmE,57,35,108,200
tv19Sd9dS38,88,78,34,200
eXyHRnDNH64,41,13,46,100
Y5wOTID9JmY,276,78,227,581
NMPnIn52KM0,9,4,6,19
gQvHtXWlXDE,43,5,152,200
9gBixJFcSJg,189,62,349,600
MpblOsqweUk,150,27,123,300
rl4ofGm2aNI,291,47,162,500
XovZ04gmQgE,52,5,43,100
JZDM1bLn7sM,126,14,60,200
TSxt2_QM4N4,163,18,219,400
D1KpuWg2hc0,9,2,3,14
Wp21hAL1mOU,141,60,299,500
qvXXMsiQBDg,258,35,207,500
xtDJ6uEyvnw,47,20,25,92
0d6eJcWYqBc,79,5,16,100
odhMmAPDc54,221,143,336,700
9dobJDxPEzM,190,34,176,400
3la8bsi4P-c,105,67,128,300
I0Se3ce433Q,160,142,298,600
o0Ddl1DI-go,197,23,80,300
E3DWd2dTiaQ,317,36,238,591
pYggEswHnos,51,2,22,75
wHSJljq_41I,103,10,87,200
Rxz8TnJT1kE,9,32,27,68
HYWiIWpcCIM,314,67,119,500
hhREiAarjVY,79,25,96,200
dWWQsXRwHb4,151,39,210,400
_n0Ps1KWVU0,37,14,49,100
qLzIaAYFhNs,16,8,24,48
JPTB93NS_8M,189,11,200,400
yFMZl_nYkbw,174,10,216,400
wiBhzhQu_2c,222,15,63,300
Jc8fBk_8iT0,11,5,12,28
yCcghtLzNRw,2,0,1,3
nMABVXrg3D0,184,50,166,400
aNlUKzO1ThY,138,188,274,600
oKzFGhlFqqE,241,232,222,695
8QgMh02JvS8,67,38,95,200
fUffrvUjwCY,172,12,116,300
cCqS5X_zu-g,99,159,135,393
pTXLFFVSFhQ,164,43,281,488
dN9hA7J79VI,46,90,64,200
h4JP6su_mio,62,14,124,200
lOSt_GdaS0s,119,40,141,300
TPnuT2TLvLQ,96,11,129,236
zeZRNG-jVyI,51,30,219,300
j6cv-6WuDK0,59,55,86,200
_uLmn_Dba08,63,19,118,200
yIq-N7m0upU,234,65,301,600
8VzoqU5IQT4,18,6,17,41
cxLQAuQsOWI,274,40,286,600
u8f6k9vjl-A,126,20,53,199
f3uF3EpSZMw,144,29,27,200
8d2Xw8BaoG8,106,73,121,300
eVwafO-ytnk,6,0,3,9
eig-wx_83Do,77,74,118,269
CiHV9oFXFzY,6,4,7,17
GT0L3RWQNjw,113,51,136,300
r8qWc9X4f6k,110,51,139,300
4W-pZrhu798,316,57,127,500
QtANwxed36M,32,25,43,100
dSdSYmXCPXU,69,20,84,173
JuYYsmQ2ulI,27,32,41,100
JvUGfF0iYtU,126,97,177,400
R-4a_mQQTpc,213,44,243,500
gDFZS0BVsBY,236,98,266,600
mUDQvKtkMwE,199,64,136,399
bpDylTwwunc,268,54,178,500
DjKEZbe4V9M,105,69,226,400
3N5WORQxQUo,268,27,105,400
k1gVVnv_om4,50,18,93,161
JkqTeQHFoBY,64,25,45,134
H_A0Z4S30Ds,46,9,45,100
7YAAyUFL1GQ,283,81,336,700
2K57-24FnIM,247,85,168,500
HzzmqUoQobc,167,91,141,399
0uUFf8IomLg,17,2,22,41
0hLx_1Q15eY,178,78,338,594
qznElIkZ1hc,121,58,121,300
uBGECC5U09Q,68,109,123,300
Z8aN5L-oDOw,175,48,177,400
FqdsYn9TdWQ,194,72,134,400
3x-sUsazQ90,111,22,67,200
YLM2gl8RGj0,131,45,124,300
wB5Hek7Z2b8,82,41,77,200
4MEv1k9aQXA,53,63,112,228
Q0CbN8sfihY,164,75,261,500
6L-nhETPAfY,170,40,190,400
lduyitPDQjY,90,71,39,200
MHMdv2D7ndc,239,65,196,500
MiZCudqoFAU,143,114,143,400
Rdk4d74j3p8,56,11,33,100
TOI9DKsWMx4,9,2,2,13
twerGCoDt04,22,1,20,43
aLWLzUa2Qyk,235,88,177,500
mFZiH4aEPJc,44,30,57,131
puxAgWMzGqw,65,14,21,100
sB29PVm_uYY,75,17,108,200
5z3vPi7YhSA,7,9,12,28
Fzz-Pblbvqw,145,60,292,497
zmg9tVaMVd4,257,45,198,500
22tF3y_epZs,117,34,49,200
lokFoo_QD8c,90,10,100,200
A-sDCUXML2E,20,2,24,46
i29zfPUHRAQ,12,4,0,16
P9zl2o3zYkQ,106,59,135,300
5fYkPljB9Zk,200,54,246,500
UCrBICYM0yM,191,99,210,500
fM6JOfiAPgQ,228,10,62,300
JhyTKIwar1k,159,54,187,400
doUdRCrK80E,233,64,299,596
T-IXvsQuogs,90,28,182,300
ZyHipL45pwM,229,28,143,400
ibHFy-mo4Pw,76,40,84,200
Xqpf1FxU2q4,220,63,317,600
Tm8LGxTLtQk,229,76,295,600
3iYOBuyS97A,4,4,4,12
GbhdRYQz9-0,13,6,17,36
cvk18vx-nrY,37,22,41,100
Wb-6fhfAn2I,270,121,209,600
jXj6c7bmxII,32,13,55,100
ofzjzf_rhZc,165,98,237,500
dtqlSPt4z20,129,58,313,500
a9ITIaKzG3A,77,37,86,200
IEGEovFX534,242,19,67,328
bUUt0v4ziG4,51,84,88,223
rRi8LptvFZY,136,80,176,392
v0zIWuPHbAY,133,25,242,400
XF_ARz7jTUw,281,86,233,600
B1TJp73shl8,111,0,43,154
7V1J_MDi9Lg,180,55,265,500
iBViC-fEdm0,29,15,56,100
iKwMtBR68pc,8,4,58,70
ioFUoNlWR1o,33,29,67,129
fOmwkTrW4OQ,54,4,51,109
hMfIIxf8ADo,228,27,145,400
fwDZ8uhqJg0,324,58,218,600
mv4MRmwXJMM,38,5,57,100
XPqko6Q0lpE,195,183,222,600
rZ2vh8rZd18,136,16,148,300
xMmyeKq4w8E,3,3,3,9
HjfN2Phsfng,1,0,0,1
LTnl36-0-zU,88,32,80,200
tq7tHN9HBJU,234,39,227,500
EYi1YUNOguk,35,41,24,100
VCVjbrt30tY,43,10,47,100
VVYhDFiTvqU,220,8,72,300
X7ld45pUueQ,47,21,132,200
h9ga9lHtcXM,224,228,139,591
9k6S9v0FKzI,47,12,41,100
7-z55AKa07U,60,17,123,200
Gv69uNr3Tf4,266,52,182,500
aysB58GG3uM,155,15,230,400
cWfTBkTJOH8,84,8,106,198
bHT4pO0VcXI,148,56,196,400
nQDcDZ6rmGE,207,60,133,400
YjS-QrzTJz8,40,4,34,78
_ANP3HR1jsM,186,61,251,498
H1YGg8nYkv0,190,168,241,599
0501BTnbrxg,240,47,213,500
R3dQpGJQI18,208,36,156,400
-JmNKGfFj7w,79,48,73,200
MKMgoXEpO-E,124,22,54,200
EHC6sYfF4cg,185,83,232,500
nFxUU519P7U,39,50,111,200
XM23h-eJ08A,102,9,289,400
n8t9yJIKkvM,31,23,46,100
3QzUSSKfEeA,96,68,236,400
UGUu7qhGh_k,113,70,217,400
8Lv3tW7bWzU,211,19,70,300
1AxLzMJIgxM,220,72,208,500
Ni5Uc-DdMqk,72,54,100,226
bF5sIEuv83k,122,5,73,200
H8t5M9_Tvzk,189,26,185,400
lNjwsz8bLLI,89,12,99,200
tTHMBjyzgEU,107,141,252,500
2rki0cQ5V2U,134,49,149,332
bJW2678K3XE,22,4,12,38
n530GFrdPY8,266,24,92,382
nRGz2md8l28,181,80,239,500
-SiRV2kWIxg,14,0,23,37
L6QAx5mqFKU,100,34,66,200
h9TlaYxoOO8,233,51,214,498
vQ3XgMKAgxc,107,40,153,300
RsYU2f3Q6kI,6,0,7,13
afXewnGZXKs,152,45,298,495
EoejGgUNmVU,169,13,218,400
_bZlb62VVlw,274,129,197,600
SejINXtIWac,19,10,20,49
-cjfTG8DbwA,182,103,115,400
S5Esa9L4nvE,158,76,266,500
XSLc0d5aM04,205,221,274,700
-LoSw4o2zDQ,184,16,100,300
M7XdnYiQKjQ,287,22,91,400
lg0ldbwZhPQ,205,39,256,500
NoxKH_v8b-8,49,38,113,200
Jz3E_CCaAXo,13,2,7,22
XA_jAJ-dWyQ,184,25,191,400
RaKxVWJxA2U,102,84,214,400
W_E9wivFlpE,144,91,265,500
WP98DDNKQ0U,131,23,146,300
7Z14Rc1vR7U,0,2,1,3
Xf4IYI9Gj7Y,126,16,58,200
Km_u51OE3VA,38,7,17,62
QrNk6lHyDbk,46,19,35,100
9QZb-659ZfY,120,5,75,200
ZagQci5qTSM,27,8,65,100
WAwRqecvMSY,50,50,100,200
jiRAinnkfwI,2,2,4,8
wOjjdttsHy4,22,3,16,41
TdH_NL35Nbw,195,71,334,600
QCOkDQqGkcM,82,9,209,300
446dbFQEFJU,62,31,107,200
PKdKzs0xS9c,60,17,123,200
aawlU1IzuqI,37,3,14,54
2Q--XPdFfF4,41,10,49,100
-wQLKMUWANg,129,44,127,300
8rlfu6UX5D0,222,63,215,500
cL8Ls0tEMcc,279,42,179,500
y9vsRUmPCKk,129,7,64,200
H0okA2gPt_Q,176,88,136,400
1Sm8A-u1vIA,39,24,54,117
8pB3tiuwFT4,39,14,47,100
KGb5yAdkcFw,180,76,244,500
M2Kwpy2ot6k,92,82,126,300
p-xtcaAOTEE,4,0,2,6
1Yt1O-OhAm4,183,52,206,441
gDf4RpaMFrk,59,11,29,99
f4t5gCs8sUA,26,4,18,48
YKgY0zQnqcU,112,78,110,300
SGuUAtJ8yMM,216,51,130,397
W2gnef0LtBE,0,2,0,2
WY9xOHquZrg,131,39,130,300
8kpD3XCp49o,140,73,187,400
Xx7sxWI9FNI,231,112,257,600
yJZh9NWdXrE,187,34,179,400
SmfWvo4cMpU,333,7,60,400
o1vV0oorclg,36,0,11,47
GTbPlfRS_c4,38,15,47,100
Oo0NJsr5m4I,254,226,313,793
DGlYMJRwevI,29,13,58,100
Ap5hoCTkTUM,150,63,287,500
3QtHD3-N5nI,172,59,169,400
pAsN4lSa7O0,111,26,63,200
RXzHRnK8Ta0,75,85,40,200
4F2KWDQQMhY,324,23,153,500
GRDoasFyesU,203,78,119,400
ofz2cHLkiRI,213,117,264,594
qiUKuZQRsWo,87,51,162,300
T_PuZBdT2iM,137,93,270,500
4yCkkOvIkUI,6,2,11,19
qXH1dVI8Jic,52,14,34,100
N1bJ5Vv3iUg,89,47,164,300
erjqKQaXgsw,136,48,116,300
j0AoUB9Nqtw,221,114,162,497
9yqdwbJZtSc,57,7,36,100
aEcbuccnjLc,58,10,20,88
iv1C0pEdhOg,121,51,128,300
25Qq8k7V83g,15,6,21,42
JpTdK2kn6TA,35,23,42,100
CyUv2Z_RPnA,8,0,0,8
1ZNZY-gd3K0,87,128,85,300
HPRQwI5uvBM,51,98,164,313
FNh2ZsQkNus,238,61,201,500
htAqXYmFKgo,207,70,223,500
BqL9T0_ClUg,180,110,210,500
gs9AV6BKh74,134,54,212,400
pcnlLwwR5x4,108,158,134,400
QfINpLDE_s4,206,41,252,499
VFM0UqX9MJ8,138,45,217,400
eqTTNgyJm-o,45,49,106,200
cq50fkILrwM,286,20,66,372
ah8SQNOXgrQ,63,28,109,200
_lGL4Um83LM,36,3,18,57
ONt_ajHfSiw,102,77,221,400
4KAfi8-2tVg,54,40,155,249
zkIrbVycAeM,173,250,176,599
0PKthlZtLDo,127,191,182,500
R00hChXPBE8,116,109,175,400
Zy6vBxqlapw,53,6,41,100
SLoQoYi3P5U,173,133,194,500
GmrFu7I-bBE,122,24,103,249
QJVlhvyLmPw,28,1,10,39
A778dMvbrJg,81,42,77,200
WJfeapsCnPI,116,147,237,500
Upqp21Dm5vg,95,24,81,200
9yUZTTLpDtk,238,59,203,500
-AJyaVduxCc,131,44,116,291
Hhg7Cv50SWY,31,21,20,72
w8fAellnPns,138,119,243,500
Rmg5fLRBkZo,190,42,168,400
KT0CE5GIjSA,198,33,169,400
qPDZZj6By3Y,59,34,107,200
k9VmfRBkUuM,81,20,155,256
PJZOghDtOCM,6,7,10,23
pQiV81L3zL0,2,0,2,4
cOboLQMO4tQ,169,215,208,592
o0hMhEsMUs0,85,0,15,100
0Yhaei1S5oQ,60,51,89,200
jYnoFIgUwqY,128,37,135,300
Zr22PtGd1So,127,86,182,395
hjGsGtihBpc,52,13,35,100
-bQUBzPZHHQ,194,126,280,600
FBdyMBRcxeo,104,33,263,400
y5lIKZoN1_0,18,0,13,31
wOskfnnbkdw,158,41,197,396
-q47sHA4eAo,141,90,269,500
HFXwHcFyU_M,0,1,2,3
5LXqVd_0cjs,45,2,53,100
Vgme9O6YZI8,50,43,56,149
nZtpLKCoUWg,197,119,84,400
DZHAB3PGlfU,186,89,170,445
nivfxoep6Rs,305,79,216,600
ETR9qrVS17g,106,107,87,300
F5Ma-1A-NS0,135,223,142,500
mC1qPDqV6hM,176,79,243,498
Eef-1HLKgoQ,109,42,148,299
6HXaooyXjds,261,27,65,353
oWDy7_W9cpM,3,14,13,30
0fsKoK9yLE0,247,23,193,463
QvP8fd2W_6A,26,2,18,46
5otKiSs3AeY,94,12,87,193
v9ERab8P6Io,65,26,109,200
D6zUj1tKxiU,0,0,3,3
xwW0VfkFljE,105,69,126,300
ob4tFhgAecw,1,0,3,4
MFoODeZfSD0,111,70,219,400
nW-aml4r7Gc,293,51,155,499
94U8bow4CU4,1,0,0,1
CItEtnp3nPY,28,24,69,121
1csaGKAjAvw,51,8,41,100
cWL4eiCR8FM,37,12,51,100
ZGlYvprDKNM,138,16,146,300
Ie50Nw9NkOk,28,33,39,100
1u5jO57eD-U,229,84,287,600
fmIGnd98DX4,244,79,277,600
pe3KSYqPIgo,64,32,104,200
IN0PWfSZ3Fc,28,43,40,111
o5xxIciBSME,189,81,229,499
AoQMHzkj2x0,55,13,32,100
Xtqr1C6eDmY,200,83,217,500
sQTnREEtuNk,54,6,33,93
LXAU1VqbYbo,172,47,181,400
4CyvvCx6Us0,178,13,109,300
4LwpGaDKmZ8,93,34,73,200
ip6YrQt-dp8,5,17,4,26
IKaMejA5J34,109,19,72,200
pyZVUC5jeVw,36,31,29,96
oStLD-yYAy0,29,23,48,100
nOQh4NXZ2wo,163,9,228,400
tz_DWyuvX4s,8,2,12,22
H7H0ZWwWKCw,174,64,262,500
rQhynsjq_BQ,4,3,5,12
VPo2k2z7Xqg,251,39,210,500
8bpaM9NeFrk,230,142,216,588
HMT3wb4h234,131,21,48,200
Ro3lVeccQqY,288,58,249,595
O4pFdLJmG7M,54,24,122,200
Vjc459T6wX8,112,27,161,300
uLP8rFrL1W0,112,42,146,300
7k8PFMQQIxI,350,31,119,500
8bSCIUAeLis,68,50,207,325
GIqhMKlSCgY,166,32,102,300
QP6tdboJq70,47,7,46,100
3zrZE68Qrrg,308,24,168,500
TzyraAp3jaY,104,26,120,250
xtpM8cBES3k,96,16,88,200
TaxAsHhex10,27,42,31,100
REyxoxScrbU,87,25,88,200
byA77xkQBEE,201,176,123,500
_6Qbslgpw8U,108,55,137,300
Zya-JNMJ62k,219,84,297,600
QQP6c_xLetk,128,47,225,400
fWfKfX9hXqc,81,14,305,400
j8i18Wiaq7Q,0,0,50,50
_yt7xexSbfI,47,12,41,100
FpZ1sIjQrf4,227,29,244,500
r9-DM9uBtVI,184,105,311,600
8bNXD4q5FCE,3,5,14,22
yB9pN0H7saA,170,99,231,500
YlQYciVYhVA,40,0,56,96
FgSSk7xLW9w,103,44,153,300
2Hz4sDjXPQY,121,28,138,287
yj7OZ602CM8,186,82,132,400
6eHExt8C0qw,82,65,106,253
wULnbo1qtDc,123,55,222,400
xItHZZ3bvhY,34,35,31,100
JV-4Ehv1SFI,26,13,61,100
9YyB6sQ4iwA,113,51,136,300
15ugV2ASveg,143,24,233,400
HzIB6TC1Ghw,123,153,124,400
3X3xtRNb20s,156,63,281,500
HsiWOp-ImoE,244,43,213,500
q8b5mciIDnA,91,47,81,219
zEezFUb8Zz4,37,14,49,100
wBjAmThxDpA,2,0,0,2
ZaB6kENkGVg,260,54,86,400
LGAfo5unZaw,148,43,209,400
_4PLKxYZUPc,178,61,261,500
E6PU9IvLJM0,46,31,123,200
0Pz7DnHikLU,84,42,174,300
wVD8ECqG2FM,42,91,67,200
Flmxl3ZfjVM,79,45,76,200
tSRg5cFIxI0,154,8,38,200
FMQaJ6ylKs4,305,69,223,597
wxd_vZLsDSQ,74,21,114,209
l_uNfGY3v8E,95,182,123,400
htpR770aP2k,125,138,137,400
j5YSOabmFgw,334,18,348,700
gzh6tcMsyoQ,288,44,102,434
b6utGZQ9Sks,130,41,129,300
Ez95rPffd8k,56,108,36,200
fhYYdeAC3BI,102,198,200,500
u2SwpuwU0NM,16,32,52,100
ermfn4zyosw,77,103,161,341
Y5fwGxJjn5E,142,30,118,290
AR764HY82Cs,218,42,139,399
pnKcqi0Wvys,30,8,62,100
l7yxJDFvTRM,133,129,238,500
EWeJ7OM3mo4,173,49,178,400
fBR-MFpVKuc,204,97,199,500
dpGMUuXJbGU,42,20,38,100
iwm5-I9Ay8M,80,38,82,200
DprHLyvhbSg,193,77,230,500
bCwjBUHEenQ,147,33,220,400
msWS8WxRsrY,187,59,254,500
oKI4EAIcaLw,56,45,99,200
b0O5JtyNqek,164,20,116,300
7KS2oJPzeZk,285,75,240,600
GttcbM4GxLo,219,18,163,400
nIZb34JnFEw,191,65,240,496
QH0fGSqow3c,16,3,11,30
WfjZ1otkS3o,217,162,218,597
Tt-a61NG4XY,227,73,200,500
ScmJvmzDcG0,197,134,169,500
vdUum-zVcZc,185,20,195,400
L87l9-2B0ug,35,25,40,100
khRWGSllNKw,158,82,260,500
r_Vv6abqauM,244,50,206,500
xHzL1lqNny4,225,21,154,400
HIdRXXjIthQ,170,33,97,300
UVwLjEK0jio,14,7,18,39
03IUgOd4GH4,157,62,281,500
DUMEmGUc7yc,211,67,120,398
o3_byIkXF7Q,32,16,27,75
08RHSZvixec,68,46,86,200
ODssdet9XJ4,119,51,130,300
uV002CSNDac,136,43,221,400
c5vSFtnWkDA,332,18,150,500
rdXaw4EFGdk,78,57,64,199
GTawLgr1W0w,37,10,53,100
JoNj0KDuDR8,134,40,126,300
RJuqdTXhDX4,192,129,179,500
GWKI-CoCCTU,267,40,193,500
368_ovPsJk8,229,108,359,696
0AaApxaD170,190,32,178,400
vGVK4ibMI-Y,140,110,149,399
RIz3klPET3o,129,13,58,200
t2oVUxTV4WA,129,49,122,300
mQwnQS25xpE,55,10,35,100
JU21shbaVBo,187,111,202,500
_Eb9kppyRxc,247,77,176,500
cVgQV6v_QKY,96,23,81,200
H3YE_oGD05M,277,34,85,396
zqE-ultsWt0,212,91,197,500
GuEQtn2nm9A,118,71,111,300
LSYc5HvyXKo,272,21,107,400
7xCQ4B40wOc,64,28,108,200
akGrh6ui_gc,25,19,56,100
0Rb2rr1vWpI,58,22,119,199
x0GbpqxD42k,55,29,116,200
sjlHnJvXdQs,290,129,381,800
jizvSedEDDI,101,23,76,200
dt__kig8PVU,260,71,169,500
kKJZqKxpZoE,184,87,129,400
WQyiY5qC_us,210,90,100,400
5PJWCe92K1E,61,38,101,200
NTe6-26-fHg,51,7,42,100
57-gdzXqkRc,30,6,25,61
kz7-ZKcyBBE,174,34,192,400
Uiccgh2GXzs,242,61,197,500
JO7X9ZPoAp8,207,158,134,499
F5D1x-OtGME,119,76,205,400
LBLGo2y_BBU,199,79,322,600
6Vb6Z9i5sHs,72,116,212,400
7nh2Ra-5kY8,105,22,71,198
LrvnTWNATG0,88,13,180,281
vugXtE96XuY,211,60,229,500
2seypV_Jkjw,63,31,62,156
scQBjsQNgVQ,208,42,150,400
VX4MQYwAh80,170,67,357,594
WRzqSDyOSbY,203,36,261,500
p25S_5P6ejg,381,34,85,500
YCYXUi_5kns,172,47,181,400
Mp_u8KvKg9I,40,20,40,100
rh8b-Ibzkfg,205,30,65,300
Sg3DfyDkln0,15,5,86,106
I7TSzpDetTY,42,25,33,100
_tHYuBw32z0,99,64,237,400
gmXuUgB7T3Y,122,24,54,200
cviyIIvBlto,4,1,0,5
uAipi4V5g34,24,5,12,41
L9IDqn-qt98,4,11,196,211
g_ekn1gjBq0,21,5,5,31
ZVPTxFZTQis,195,61,344,600
lBspB4K-F-c,51,10,39,100
FTIStPerVNw,33,26,41,100
XlXBLvT9Vj0,39,17,44,100
EVp4-qjWVJE,66,43,91,200
ql0Op1VcELw,197,64,239,500
K20YGjVkZRw,338,24,38,400
4cfL9nTNugM,283,61,156,500
ZymSrDfLhW8,188,37,175,400
ucWPplMZnH4,180,48,172,400
iZFWRi3npiA,59,141,111,311
yBXDLfgGKQM,21,37,42,100
giIP0XdT7SA,89,44,67,200
k7XFlD5dzZQ,2,1,2,5
NJ2asQtT014,174,211,214,599
ciXIdvfejn4,88,9,36,133
a41k9oJN0FI,203,135,162,500
WtF4TUxIOZk,25,30,45,100
jjb77v3LX_s,59,36,205,300
nrzbCPOcIJk,166,65,169,400
MNst7laHZGg,40,35,25,100
DyTlOIa6RLo,120,123,157,400
QAouuVo-WO0,114,58,88,260
hRRnKJwbrcw,38,29,33,100
yDDDJC3AYtA,113,47,140,300
_95NxbsbMF4,204,64,132,400
0s8oYNL1M-A,132,44,124,300
DoQEpaQE5-g,148,38,114,300
O78Lpo4ctSE,194,17,189,400
AzNIUMW_G8M,201,106,93,400
NGPK44en2ME,18,2,180,200
tUPR5-igTVY,272,85,142,499
cOlibbx5sx0,49,15,36,100
XKvXg2NlNZ4,32,8,60,100
HUUsEgAe8x4,216,72,312,600
9eea7_7OBZQ,23,30,47,100
kaMKInkV7Vs,141,79,180,400
ON3x2wWZLHk,37,19,44,100
439iY0844xI,241,60,199,500
zAtHxJvSczA,124,56,161,341
6FgoZiTT52w,88,18,294,400
UaXgj3qG2XI,118,49,133,300
Z-zdIGxOJ4M,48,12,40,100
2jtDZXbN-_c,58,24,48,130
2jvi4e0NIHs,210,52,138,400
L6KZ6egpKGM,192,23,84,299
YqqJFqj5xQQ,78,132,91,301
mnKPEsbTo9s,120,74,106,300
6gwM9v_OwUc,162,49,289,500
8wNr-NQImFg,158,101,141,400
t4or1t4iHK0,207,82,211,500
oh37J6qROrQ,201,52,147,400
0TMHdsFYDOo,180,157,163,500
ZtXkNMbjOEE,233,18,250,501
fJiaYnmUw60,57,17,128,202
Tx1sqYc3qas,71,12,117,200
hOFRbjjjwCE,107,92,201,400
X0I7RRaahiM,192,19,89,300
BidMbVRT8NU,56,17,27,100
07bHQFWCKIw,24,39,36,99
do-9G1s9LSY,204,54,142,400
HjkmacUCJw8,82,26,67,175
G0cDl-vZKkg,281,97,122,500
DaNNFSluQOY,216,89,295,600
vo391vKvD4s,269,18,113,400
ufE-HaySXSg,144,86,170,400
KCiahBMis1E,66,19,80,165
iKzRIweSBLA,350,45,205,600
cMKX2tE5Luk,287,71,342,700
aiUq5xksJy0,138,71,191,400
-p6WWRarjNs,95,31,74,200
B2B0GMtowmU,2,0,281,283
t_LQ0f2GU88,77,13,110,200
pmLk6d33VpY,186,60,239,485
KZ6KpxURmks,108,47,145,300
c0FjpqLfGN8,105,61,134,300
m59HKBUi3cY,186,50,164,400
Ca3rEOlAfpc,148,71,281,500
iXexmZm3_j8,75,25,100,200
WPlx5BmZVkQ,92,23,85,200
pOZ5FrTMQMA,294,20,186,500
dUBcP00TEWI,31,11,58,100
iL_-GwbEP4g,164,39,95,298
Kz-3PgnD1vM,153,29,218,400
YYwB63YslbA,141,67,92,300
SmTvoFcy4_Q,138,60,202,400
00wQYmvfhn4,120,79,101,300
q066h0yUoRA,215,75,210,500
hwNIzQLtHnU,155,34,111,300
1yYV9-KoSUM,241,30,127,398
-5sCWsLlTCI,28,17,22,67
2wxyDrfwlXQ,160,31,109,300
Ayb_2qbZHm4,260,68,272,600
v_TJKwJwN0E,45,28,27,100
xig77hiUHig,158,36,206,400
f09ne0W6MZU,130,41,129,300
HqHQFm5L6Zc,175,73,252,500
RIGgn1s3AvI,183,36,181,400
7Gw-lN270qs,30,11,27,68
bvim4rsNHkQ,333,90,276,699
S6eJbe5GyDo,74,66,60,200
ZT1JsE_YbFs,159,25,316,500
ErWde9LVg0A,255,34,111,400
iK7lICvUhCI,84,24,92,200
akGWOpcWfrQ,119,51,191,361
Eat7nKj_30o,139,98,352,589
NzRuDD0iYC0,69,64,67,200
T2rqOvijMBk,227,38,135,400
DkWL232Vzao,236,33,224,493
qRoVlH1OcI4,235,170,190,595
idVu_7JcNo4,20,4,28,52
a7Sf_H2cFdM,139,19,141,299
EtTi9TBRRNo,23,11,53,87
RtEvTmhVeQQ,72,43,85,200
SNGWh_-R1VE,112,70,118,300
ekaeJN9Sgu0,125,51,124,300
DeTu8xSGpEM,272,88,340,700
TDskW3JvTAY,14,7,79,100
T58NGMrUp0M,132,62,206,400
X7WFMUq5ECE,139,102,159,400
-CEuQhqNzz4,65,8,161,234
iv1zeGSvhIw,233,76,191,500
VX9IAt75P28,203,46,251,500
F8i8pnZmk50,176,28,196,400
S0G5EloK3LE,186,90,124,400
E-NxvaVWjBM,15,4,6,25
mSYEzJ7LM54,87,17,296,400
UtWoJUrnkGw,52,9,36,97
bgc2rSzKA3w,20,37,38,95
IxI1iOi0t-c,36,14,50,100
UkkPCObPShA,179,19,202,400
ZFF392vAMN8,133,37,230,400
1hvdr7RjNRk,234,67,199,500
UO0hIASuAqY,128,69,203,400
URvC6T_xhE0,188,130,182,500
FcPs-bMkUjo,227,55,118,400
MdzGZv3zQ-U,108,35,57,200
j9giQP9SX-U,181,41,78,300
equByOb9j5E,83,80,237,400
OMW_dPtm7Bo,110,64,126,300
jzr49a04olU,2,0,0,2
h2K_SWpQtb4,195,73,132,400
rGi2b25Bx0I,17,34,38,89
AVr5wYZJv9M,21,28,19,68
tY0RWL9k1T8,16,2,20,38
MHzktkbjDOE,303,25,172,500
mlxdnyfkWKQ,218,116,366,700
EWng8GQ49Fg,74,26,100,200
LP4qYyTPyl4,210,48,142,400
Uq0764L5kcY,42,12,28,82
U1bpztJkdzk,58,11,131,200
TImAMCQbwJo,24,14,76,114
mWFaxs-KvMY,138,19,143,300
cIsewG2g-1g,52,6,42,100
kFx0h3YDXz0,88,30,82,200
1eQXF7JbbGE,17,4,4,25
IQisUbBljW0,198,133,169,500
yTkFwujYZ3o,36,11,53,100
12vfxYs6F7E,166,33,301,500
MRNqDbd2rdE,191,81,207,479
O-eWLaO3gy4,349,22,229,600
Wp2TUPo5W0c,237,70,93,400
5mgGrx8uaRQ,156,112,232,500
wHrpTT1-fPg,293,39,168,500
S44YKdc3G3U,164,72,164,400
tfZvSS_f254,126,47,126,299
LyEY0sNQIGQ,207,44,149,400
YYmlI7yT9cg,99,14,187,300
y_nuMEtwUW4,31,7,11,49
Q0O_5lVrMfs,106,31,163,300
dX72axAvIGc,93,48,159,300
HRNq5O2ieOs,35,11,54,100
b-znn2eQL08,236,15,149,400
c5RsAXsZvI8,0,0,1,1
658YZO_CmOk,218,143,239,600
LtJ60u7SUSw,65,22,97,184
qJJHhVf3_ZM,32,35,33,100
fCh5TVGaTSg,44,42,46,132
zhtliiCSYb8,181,14,205,400
DHYRxML2SpA,63,29,208,300
9VjKMTwFXMw,25,0,475,500
RxIh_0q524c,219,24,157,400
2WIzsHMcSp4,146,42,312,500
r1f8hd4yh0c,62,20,117,199
TMy0vJfKvzI,60,45,95,200
C3cwtcomilA,32,2,22,56
veqMs7SQteY,39,18,43,100
7GmcH_Lmkvw,132,6,49,187
3WyD96Zq8Cw,2,0,2,4
cpvUG_fo6lU,225,81,194,500
HpxsQ1_UAec,0,9,33,42
rKOaloQ5rnA,17,6,12,35
jsR0dclw060,206,75,119,400
JudqBA5is6M,12,28,47,87
2t4gy3oAx7I,48,80,72,200
DBxTCFDo0WM,28,28,28,84
8PDnSzf_TV8,178,65,157,400
L3f7_y9UPh4,103,19,78,200
Ybbii2XIavU,249,38,113,400
a2VRtAFqb4U,119,64,117,300
WFb0EDl-JS8,285,115,100,500
XLNLPIRS62g,189,188,123,500
vpJba2qIXjs,2,1,0,3
_SRNenu07Lw,4,1,10,15
BBn_fo8NprY,142,43,215,400
3WEvgqcP8mg,182,11,107,300
etmUU1bs41s,191,50,459,700
7_GaeAoLMWY,63,8,29,100
tlTKTTt47WE,185,95,220,500
etOa8-pFow4,102,94,103,299
KbYCmEptlL8,271,53,176,500
vr0qNXmkUJ8,232,52,216,500
tVtsp_mASno,174,113,113,400
2QA57665QM0,200,49,251,500
ZgCTlbQvcT8,42,16,42,100
uxI-8GTqDYA,146,80,274,500
y8fZDZHSl7Q,253,29,92,374
zTTaFg2Sq9Y,139,84,189,412
W-8nCyXm03E,123,68,409,600
8I0pqPWfjWU,2,0,1,3
rBs4AGCR3yU,2,1,0,3
LDcm6twPEJA,71,55,74,200
IYvEhgYy35I,235,42,323,600
uh3aU63f8U8,145,15,140,300
Z7R8XRKqHAI,382,43,175,600
lLOEu9p80rE,264,57,173,494
csrYDgBF2nI,103,49,147,299
Q0gTpASrRpI,169,129,193,491
BwYPddy_5bk,168,57,73,298
-1fzGnFwz9M,53,17,30,100
ruTB5jBGXsE,293,95,212,600
ge0fLnC_WNc,30,32,38,100
QB5JOnDYeHY,181,64,255,500
J_qs-CH715g,132,25,143,300
7Ag2oDIeLvo,0,0,4,4
mcRHpJyn4B8,180,39,281,500
M16CGK1T9MM,172,248,280,700
T2W7UocH0Hs,86,26,88,200
_SzWAfsdZXY,174,67,124,365
KGQTkWJ5mU4,178,136,284,598
YK53kxDdkiU,130,81,182,393
0R7MQwmbiQc,138,47,214,399
2ZfHXn4rmAc,3,1,2,6
wGwsgf5CdxU,160,83,57,300
MxxxlutsKuI,40,43,25,108
ScNsBpQ8KIg,77,9,114,200
QAT8fXZI0b0,244,21,135,400
zyPIdeF4NFI,211,51,138,400
pwHvK07tUuw,128,10,62,200
x2btprEvdgg,32,36,32,100
a6V-fKcW5YI,91,152,257,500
ppGCbh8ggUs,106,30,64,200
e2jMJV6UHWU,195,13,192,400
FILJznSr6fs,3,2,0,5
Ty7YYxfFRtA,255,18,227,500
hkA2a4_tNOs,151,164,285,600
an5vV5aw74I,140,47,113,300
-Egtbs-go4Q,31,18,51,100
4Yue-q9Jdbk,225,55,220,500
q1PgzYjpjsE,203,17,180,400
ton42cZ6ZYU,35,16,49,100
XpVt6Z1Gjjo,238,156,406,800
AX8-YzMKZhQ,56,11,33,100
3GOjf9ZGnIQ,30,10,30,70
OZAfse9Pb4c,147,88,365,600
OWAf0pD8354,100,25,75,200
C9LMDZTg17Y,53,4,43,100
KJboCFa4iVQ,3,0,2,5
ZaZ_GkB_d34,42,20,54,116
ao21eJgsF1w,148,98,254,500
I1XJEhgJlKQ,186,44,170,400
s51nDk3bEOg,1,0,1,2
ZCQuasiJgYM,141,105,154,400
hlaV9oSSfeA,132,19,149,300
Du2iFOoTaE0,75,79,46,200
oqmSuPJfvJo,215,69,216,500
83ZrTybo2t4,199,68,133,400
pSMCldcVGgA,242,7,103,352
Miww9xXEj90,45,6,29,80
B_CHjYoqPUU,86,40,74,200
f5F2whaRzqw,10,4,0,14
KQc7a_5G0pI,168,66,166,400
CX4KuIBmnjI,241,34,125,400
nJPCUTDN0ec,128,33,139,300
BHD3uqfbcRQ,186,48,166,400
5kZi3J2S52E,80,29,91,200
btSvAjUrBhU,305,30,165,500
cABm1SlrtDY,200,21,279,500
ZW4jOlyj-sM,194,82,124,400
4X6a3G_0HjY,237,265,298,800
xffuHHjO_Us,226,20,154,400
EgUXkpAyqps,17,0,4,21
lJj66BCiZWQ,3,0,0,3
krNNMFpA1wY,243,57,200,500
E6eRA8PnuW4,56,13,31,100
4xbFVdoRzLQ,114,104,182,400
TLfwSd-tLcM,94,45,161,300
xwNJA9qCCwo,42,16,24,82
vUC8-qbCVWk,256,28,216,500
4z4xoO-NGUg,137,52,256,445
Oz88_p125uM,0,0,2,2
mPvNt7PB6dE,12,12,36,60
bnON1y-fKag,43,20,37,100
qDhbIEuwRRc,110,14,26,150
pOqiqRHrAHE,87,11,49,147
xyDIy9ggcTc,15,9,19,43
PPg1gN_ey2o,42,8,50,100
L3O6LocRoTo,99,42,59,200
xtsLwr9Ok7s,29,27,44,100
IRGEpm1AXRM,11,6,10,27
FSOxXsYVJMQ,154,20,326,500
3E_fT0aTsjI,215,83,202,500
eMgmJEaYs70,219,35,146,400
QeBCu1ZSORs,210,31,359,600
bZJpwidiMco,106,32,62,200
PnbKgdNUPlM,55,7,38,100
hQbeB0YXLhs,232,11,57,300
Z9svINZiBdU,247,21,132,400
mks_6HlK4Kk,86,68,346,500
k1eYiq_V5cM,208,49,143,400
LSEoaPGFGHY,40,6,7,53
IMG0u0_cKNc,53,32,115,200
2nFO0sMs9Zs,127,18,53,198
lO9d-AJai8Q,247,28,125,400
YjtRY28Pe2o,197,42,49,288
UIATkLb3MaA,153,39,108,300
RfG7VvIrk-c,2,17,29,48
WCYHrvLTaqg,206,37,115,358
CGN6QXv7sfs,162,103,234,499
KFUIVfKTeVg,75,69,155,299
CYoRmfI0LUc,310,169,321,800
mJSViC_Sx20,192,64,244,500
xA70bP5uzao,124,19,57,200
qEp3rwe3KmI,26,4,38,68
9EBgaxFfDA0,110,58,132,300
vOkzPTAZ8-E,205,93,202,500
Jc2x5aHCs6g,174,27,99,300
GSmUd7p3r34,96,17,60,173
kCKTmL5Hn-M,52,33,115,200
VcMuDnnaBvw,126,139,235,500
PNPMEQm_vAI,72,12,316,400
1wwwXCQyIRA,374,30,94,498
5DG26XDPpB8,115,17,68,200
J_OyB0k-IVg,107,130,159,396
SPZFN6VFFow,91,99,110,300
nd_EYo96lmo,233,71,296,600
4WyBEMxqFaI,109,11,80,200
cnCxc93iCe4,12,3,18,33
Cz3Coxi9D3E,126,15,107,248
dUOUo02v4XE,49,12,39,100
5fsEPf_Uuao,129,27,344,500
U2CqZNd6rgM,44,1,55,100
lfPvOEN5vaA,194,155,251,600
WStmFKp1x3g,174,114,212,500
cmznoInjg1U,170,80,150,400
BdTpRsW4azY,104,3,92,199
oDIDZ9EmQfA,89,27,184,300
wXGewTs-e-I,61,5,34,100
eM_FR7I2Ttw,110,22,68,200
N0lsMVNXZJY,159,192,249,600
NheUm_izr6A,163,3,54,220
Zo1pCjsjf6I,175,17,108,300
8RQDPwODja4,200,81,219,500
G9ADVeNpypk,39,21,108,168
bp6uJJJMaLs,98,33,69,200
4WvKeYuwifc,211,154,135,500
k5qKGNeRb68,0,0,5,5
W-97_yKHQHg,17,15,25,57
Wv3RpLvPasE,39,8,42,89
1kHmFjHzR-s,313,30,57,400
vu_9muoxT50,82,33,85,200
5Wiio4KoGe8,261,57,282,600
QX6_UViEpOg,119,87,94,300
QpfgRpL1VVk,44,16,40,100
1rmAi9XmlIo,233,60,206,499
l864IBj7cgw,125,87,188,400
gLj21uNEzqA,207,23,170,400
DyLE5nI6bXw,11,11,11,33
LTsSGSi9mqo,160,21,219,400
4NJYWgb6dQM,192,30,178,400
q6yzrZfgQvI,241,17,242,500
nBAvUSZSEf8,85,160,155,400
nnTcCS07DKQ,151,174,175,500
HpHp1Xp5oDo,116,25,59,200
ugWImY8VMzI,263,43,125,431
mjSwRwAqQA4,155,55,190,400
aepr6ynzeX4,148,25,127,300
ketCUtFpzNo,97,45,157,299
aUAQGzkAtQE,7,0,4,11
ZQK1F0wz6z4,266,95,338,699
C1wa2OyP_so,77,33,90,200
8fH_PAi6Yf4,158,3,39,200
jASAxU0Uqk4,33,14,53,100
8NArIVIQ4BI,165,71,362,598
Fzt75I_Zi14,2,0,1,3
1z3cp_Mh8bA,172,20,152,344
BfxOimRxXvU,0,0,2,2
IPWoD5Af7RE,99,38,363,500
4YX_1wql-Xw,190,109,201,500
SeUyzOP3mys,266,37,97,400
XIUGqfTkaWk,223,36,141,400
CcoBJ-dEjGg,104,66,79,249
sgBGvgxuXvQ,163,30,107,300
BalEqNEEv2M,37,30,33,100
kqJaCoKQurc,34,20,46,100
ZczwzVhai9E,117,120,463,700
TpwChyyyy4s,41,15,144,200
4Rg-YN7XFcM,64,0,18,82
rRZp93mMZaI,47,3,36,86
rJrwCJWq2cs,4,2,13,19
JvkLPE8efME,285,34,181,500
fbokWw3b94k,140,26,234,400
X8Ijui33P6I,75,18,107,200
QlRWZuKPVoo,131,30,239,400
Lv3Uy2rjgCE,325,72,197,594
Q2Ku7ELCBag,113,21,166,300
05v4nfUmBYI,239,45,216,500
IHi5jq2P_Zk,224,17,159,400
bY8-TUD3_Zo,77,92,131,300
-DGXHMOhXAw,167,100,133,400
62cWuFjzOgs,38,20,54,112
AEaKrq3SpW8,105,37,158,300
7Hf1sDPY85A,89,80,131,300
AZTGeQ5msaU,51,21,36,108
gWzPYsSCExM,138,35,127,300
ktmcO3lVuPc,31,54,21,106
73kIG3HcFq0,182,44,74,300
rAh_16nooZA,62,9,29,100
DGIZXFa3Zkw,79,41,126,246
dvPJJUbM8IY,95,27,78,200
lNzrWNjEQjk,71,14,115,200
J_ub7Etch2U,234,63,203,500
tbDr_zAcM5g,0,0,2,2
ZYSjPZUqLdk,199,85,116,400
vp_Dbt3FPDs,185,9,106,300
_r5eTelhpmQ,160,22,107,289
YpyohRt1meM,103,15,54,172
Zwq8UlsT1Tw,1,0,4,5
5qkgFES0r-U,238,56,106,400
xTyTQgb-y-A,398,41,129,568
HcEKGxJ-khM,18,7,12,37
MGuUiaZWyWo,206,69,225,500
Z-LmHjkN2EU,87,122,191,400
9zX2BQFZ_BI,75,26,99,200
K19NG3mNhKk,78,33,89,200
MiQYQQcG1HQ,142,74,184,400
BY3SLVNBkeo,256,90,154,500
Auu9Sxxt5is,109,101,290,500
n4wFyyW71zs,182,16,202,400
XQVwoImSnds,62,28,31,121
qtfMzdqifF0,174,86,240,500
VFNwdX5zyCg,13,2,8,23
lbgBzgMzVV8,234,53,197,484
RA9gg4qBb30,213,143,204,560
OWRufUWhSwM,66,29,51,146
Ilekd7_Kodw,77,81,142,300
6x62O8A8qHw,167,49,184,400
o4os5TXo6Vk,264,27,109,400
F66vX1WCRbs,123,4,73,200
IOp8n5TzcSQ,17,0,1,18
rJTkHGXMdb0,111,48,341,500
56kiI-JKSdY,158,64,78,300
DyA64VLVfds,256,30,113,399
vxl7glJMKOQ,28,2,12,42
9HIkG6vMk6E,259,40,201,500
8ijNvyEbQ_g,48,3,10,61
9E3wYGXnUqY,202,51,246,499
mR3-KaWftIo,60,2,13,75
3d9i_0Ty7Cg,156,51,193,400
oZlJZ0BhXsA,201,61,238,500
yG-yfbDscbo,197,71,132,400
7qLrKUtV0Kw,106,99,119,324
o6H0OPgg1qA,119,82,199,400
b7xndvitLa8,158,51,91,300
xmhRIEqbKIY,102,58,140,300
yiblDn4JGfQ,131,11,58,200
DdA7tUIzA5Q,371,17,212,600
9lzPw4EOqto,39,53,107,199
bU7u_MhVvvo,74,37,67,178
OcT1pSgNARo,56,19,30,105
e6eU61Y-UA0,6,2,7,15
uA4STm4hx7Q,240,62,198,500
TxIO9IiU8A0,48,12,35,95
I4qv0c2-lfw,153,72,175,400
tetLuLLWxKM,4,0,2,6
xPS7bqBePSs,184,6,110,300
w58C1Vu10Is,137,110,253,500
6QZiqFAeK_g,4,0,8,12
9j9RrWgo5rE,139,139,122,400
vS_NlXmPB3I,262,28,110,400
UJKl7ToDi20,6,0,0,6
TE0UWh9Nob0,58,13,29,100
o7H7xdjGnCc,60,18,22,100
rFaoaCJ1R8o,2,2,0,4
Pxojz6grwcU,47,95,58,200
vrcG-SckgJk,51,58,91,200
hNsUtZmWgdg,132,89,223,444
ILDy6kYU-xQ,63,23,114,200
LHR2gzqUp5M,90,47,163,300
k8LF_FU2luY,0,0,2,2
_ghJa9vhvSI,26,11,34,71
0dWj2k4FMM8,180,56,264,500
03jeumSTSzc,173,73,353,599
lno7AN8hLvQ,205,77,118,400
-s267WkYVoo,94,44,62,200
_dJbQayd4MQ,196,47,257,500
48dQekjzI6U,232,26,142,400
z68frP9Q7XA,64,19,117,200
5CHJbMnLPKw,136,67,97,300
GGm0FQ6i74U,46,22,32,100
eLdqkQWUVFI,56,39,205,300
tmGMd2bqh6o,133,52,115,300
5al17hlhowA,120,6,74,200
bcouc6NW4aM,103,64,210,377
MXtDj0eGhtw,57,20,323,400
oUb-TwzDnk8,61,17,122,200
y6B1uUpQM3E,39,11,50,100
64G7jEqX2vc,130,44,126,300
2UMfEfUR7wM,244,80,201,525
2xTuOYNrVmw,76,125,124,325
xyNX4eH17uA,167,161,172,500
CEcrgOuBiUM,109,36,55,200
42G_XzaPcPo,119,12,69,200
KUH0KQ1qMiw,155,96,149,400
lUFpahcEOX8,158,111,126,395
Mhfg2lVpW8k,146,65,180,391
vpsP_cg8urU,37,22,41,100
TV2HTSV3w40,194,66,240,500
AyiYuBCLTjc,87,39,172,298
ZB_g0QnYMkM,6,3,9,18
wIml3h1rHVc,128,71,201,400
T_t-ByJoDgM,209,7,84,300
iIYXR4axaJY,317,70,213,600
BNRUV3TuExQ,3,0,0,3
ljXSjIph5ZM,205,46,149,400
cHbkEESIl7g,98,25,77,200
0qfgZJNCCJQ,178,21,201,400
NCFO5eifDtg,82,42,76,200
9VQh4wJ76Dc,28,6,21,55
z8N40PtsEw4,10,1,7,18
5Xe0Qd6bUFo,283,107,309,699
np1RFbKh5a0,161,45,94,300
40M4DF8aIYs,129,8,63,200
cLdxuaxaQwc,266,245,288,799
CK-0c50Si5w,328,9,63,400
_NlKTMvnjIc,53,42,105,200
8Wb9KYnNxUc,119,168,167,454
L00YWl8StuI,92,44,164,300
rUkHLs9RHP0,162,90,48,300
7pOXunRYJIw,170,42,88,300
1ShHf1Ym1h0,258,116,224,598
4An2AF2rWGk,23,1,16,40
3TDk34hnSXc,161,55,184,400
KSCPfaRyzgs,59,11,30,100
u5wIuTTYqzI,92,18,90,200
brfJuyTADuQ,63,23,114,200
_JxZOcu8TYw,117,101,182,400
mEYKFjd7aHo,1,2,1,4
Ik15Y5lDeJw,190,55,155,400
njR5pdGCn-o,104,9,87,200
3y5A4paFOb4,201,103,296,600
NFHAAtVkbpA,106,51,89,246
LcZ2AuvxXNA,194,50,256,500
c1QGynzVbs4,113,79,108,300
C-V1uXeyGmg,199,40,161,400
6cnobaJFY-M,174,45,181,400
GyxgtAwn34A,241,54,205,500
3fILUAGw2mE,192,80,228,500
uKQ8iy3U1lw,207,122,171,500
3qVHkOOyD5s,143,53,141,337
FvcNr_5uWgY,330,40,230,600
xRQGzS6Ce-g,125,93,182,400
lwOQbMcXtfU,39,40,121,200
dRVWX8L-kHg,30,0,34,64
CdHV7Uzw2E4,203,7,90,300
sxkP5m3RKQQ,135,69,93,297
v90yrcg6q9I,216,100,184,500
UxrTnLgO1YM,195,46,158,399
uWFAD84I66I,243,67,190,500
dJ_p4Z_yVpM,209,66,214,489
aiXo6WyhCJs,181,75,144,400
VHG7mHKwQqA,191,132,176,499
Ekc7lWx0468,3,0,0,3
ceLV1v3mV4E,108,25,67,200
5hphhsrctwY,72,33,95,200
mrTHfBCduRA,119,66,115,300
xo2B67vz4HA,34,23,43,100
PHpMh4E4KKQ,117,12,36,165
XIQW-1JQDMA,109,53,138,300
MeGyZJiB-FQ,119,77,304,500
pxVO5K8jmdA,138,17,145,300
Kl-IJigAG8A,213,78,309,600
kRW3Y-rgaOs,105,82,213,400
eImtYyuQCZ8,83,47,70,200
craAcv415FM,107,14,379,500
j3MvNvV27hw,296,24,80,400
RsCsBqIlnHw,328,29,143,500
BMCLQf75ev0,15,2,8,25
JJ5WP2BKigc,111,57,132,300
v-eLrAw-gGc,35,22,43,100
Hx9Juyi_uAw,19,13,27,59
qQGY4NerwOg,7,0,2,9
A-fofQ9VpPQ,43,18,38,99
dDiCuZTjS18,278,41,179,498
uwukx6DGmW8,189,89,122,400
T6x-kDiQsWM,120,42,138,300
ERj3KafjfRk,6,1,5,12
UkMZJrbCRdQ,184,130,186,500
ziwI9E9xF4s,128,26,246,400
RbXYadQw1C4,234,17,49,300
xNddRhpx5tA,103,145,252,500
uoTIcwHK_aw,162,66,172,400
crY-q80MfJU,66,26,108,200
MBdVXkSdhwU,106,33,261,400
pT-zok786Yc,136,54,110,300
TO5cYWd12lQ,202,33,165,400
Z6_0dJkjFAM,79,40,81,200
xzPRACH6YwE,40,21,39,100
vWmjyYh64vg,109,19,72,200
VEoITVHfyGg,48,15,37,100
pCHmqeHEybg,168,85,247,500
fzA6VoZCZlI,86,18,96,200
GjtYtBGrP6Y,83,33,84,200
Rew50oYjRqA,101,18,81,200
ypXwioZXUrE,233,116,151,500
tPiaduBZHRU,55,6,38,99
fS5xHHqW-6E,374,28,198,600
AOQZNHueNQQ,118,9,268,395
g6piCiaGMZs,54,28,118,200
OZ5kXgYW5cE,155,69,176,400
DlDozGvAUto,195,17,188,400
RM5ja5nr3UI,4,1,6,11
yWatz9TAgT0,226,19,55,300
LolP3Y7_Irs,282,43,275,600
9sjLzdix70w,166,177,156,499
tl6w1-IlyDs,259,46,195,500
_o8vb1BA_c0,62,13,125,200
jII6DYV_yPQ,1,0,24,25
pqdaskhEa0I,182,27,90,299
iKYQN5xMRQg,140,152,208,500
GDrudkqrgIA,121,148,225,494
ydbxmm88-As,176,24,100,300
s7u5igc-lFg,93,132,175,400
IUkNNDg18mY,154,71,175,400
CAQ2wWVlOuc,83,49,156,288
_elREWy6f9w,174,45,181,400
7Y-U9NN6-N4,91,49,260,400
_zl2GV89_GM,4,0,2,6
mkrTKyhONJ4,253,96,251,600
jY9xBAAa5fs,107,62,231,400
nft99BbsKwU,21,6,9,36
6u9LNN9HwC4,161,91,248,500
kWaJCOyORvI,201,58,241,500
DKY09vZWj88,27,7,15,49
DBBt7IhHOFQ,128,37,135,300
tlACd8CquRk,181,27,91,299
TQKWC37ful4,45,50,126,221
3VVnY86ulA8,165,31,104,300
DeIaemmxMl4,298,27,75,400
BpT3gx3s0ns,157,18,125,300
kKjY7wDxF2w,80,7,13,100
Nko0mn3r-eM,47,11,42,100
kiFDqOYfgYk,96,21,83,200
PbW14E2eHJ0,197,34,269,500
ei6FVbMysc4,66,8,26,100
FgW2kpNQ7BY,12,2,2,16
S6Mnl6kocLw,136,108,156,400
2ytdOm28qCg,41,11,48,100
Z-ouLX8Q9UM,156,117,127,400
uHYNSaW6Ttw,70,57,83,210
a6y01PSb6qU,142,16,60,218
a9Zi-RhcOGs,170,24,106,300
AQ0b0CRsiVc,64,18,118,200
vb_hwwmiKvQ,4,0,7,11
--JinobXWPk,30,18,52,100
PGfSaVDymjk,27,17,56,100
GNTtR6ZpUOo,81,10,109,200
8I1B4n_8Cto,246,58,296,600
-B9z3az6Axc,233,63,204,500
j-JOG2mUt0c,72,57,71,200
Gv618mscv2I,17,8,45,70
BRhR9_tiPTo,36,16,48,100
LoMhBo8ATBM,41,85,74,200
FPRTN_r9IyM,70,31,70,171
t4QwhVt5Zk0,340,74,186,600
f8Ej3RVz-Bk,34,25,41,100
PpGyVCu2n9g,196,104,298,598
S9_fwmdCyzo,1,7,3,11
X2tejP45Lwc,272,42,85,399
adgAxnflvOE,180,21,99,300
7bdZn5MKugo,291,35,174,500
qh7QJ_jLam0,54,17,29,100
sD6RIeNP41I,126,81,93,300
p1RKkRCiU90,186,117,297,600
d8U5funnyA8,209,110,281,600
j9g7FpCSF5Y,36,3,46,85
nMSq9CTPMD8,41,17,42,100
APHgDFRpCi0,133,49,518,700
1NyMSWqIJDQ,167,132,301,600
zHdJwBrT3WA,136,87,177,400
20yqGk-M-iI,65,19,84,168
1k_whpRADOE,197,67,231,495
ZBo1S6YZXa0,258,43,99,400
fW0Z5XjmEXM,6,2,8,16
VdL-6VlaPls,17,6,19,42
j9UGpBZz7WU,82,71,147,300
YSVlSmZWzm0,130,40,130,300
CayHgjP1YNQ,108,13,79,200
8hP6WROycAU,189,60,251,500
unIkqhB2nA0,190,163,247,600
dpMFGr-wznc,238,106,156,500
_qb4_uvYSG0,93,101,106,300
dRX0wDNK6S4,369,32,199,600
paXOkGMyG8M,282,41,177,500
rlxqaVi7eNw,16,8,29,53
vpcDYc_4gV4,59,50,91,200
CNwYcyRAl1Y,226,88,286,600
33Z-ix1VLzI,94,34,172,300
eHV5gHeVgH0,68,42,64,174
a-9IZz8Ry5I,235,71,194,500
5ggZ9jIHnr8,92,32,576,700
fc_oYX7JJ-U,1,0,2,3
88wD_C_m9gM,4,5,7,16
kbvS-aeEi-8,67,17,116,200
bAdqazixuRY,195,31,74,300
QWtGGoHT4H8,2,0,8,10
yyv2gOHMGEc,134,27,139,300
M4cnP08e5kQ,157,26,117,300
4dp31MWMjeM,54,36,51,141
cFVRCo6-FUU,221,69,210,500
QKgUwKuhQmo,11,0,11,22
6JV_q-vrfBw,130,148,122,400
YaTxVflKDQw,145,116,139,400
7_HboVYEkWw,85,124,91,300
PmG4AYsPHfA,129,55,316,500
KHshdXDxR3c,128,44,128,300
lIY6zFL95hE,74,35,91,200
_F-vmhCq6uw,156,130,114,400
b-3YW03RR0I,123,18,59,200
87r1IvEI51c,6,8,22,36
74zJ4scJzNs,178,214,307,699
upd8nVJr7lc,107,65,88,260
-PQBaYuvujw,39,78,83,200
kmgsC68hIL8,71,67,62,200
3JYl1XREYLE,104,66,230,400
ntw32kYDryM,2,1,0,3
fSkTpKa5gbo,130,63,107,300
T6iLJTy6LNQ,145,56,199,400
RsG37JcEQNw,201,102,197,500
fAuUd1HiWe4,66,22,112,200
GpAuCG6iUcA,38,53,109,200
_iBpGz54ngs,275,12,199,486
PTXykKsrxpY,50,16,34,100
LaZQ_gj919U,48,4,12,64
wHf01y69Ae4,293,87,220,600
JQAYFbcgf60,33,13,41,87
q9o_VjdugHw,2,8,14,24
rjINNeC0DFA,172,18,110,300
PUlfvXaISvc,36,0,29,65
xmZ1ppujkXg,102,88,110,300
4RPso1_xMYk,5,17,12,34
ALae1tWyTS8,12,4,13,29
3VSa-oARk-w,4,1,14,19
iTUsiJh9PgE,245,28,127,400
mvuN2LQf09o,12,1,3,16
tteLMfFDCb4,46,57,97,200
vgDiV94Hz1I,142,29,229,400
OCCKNCvNbkc,188,56,256,500
EbwIKveO4qU,190,22,188,400
GVvqt-8-fz0,202,26,72,300
Iq13mG9l6o0,88,73,137,298
FyLtlW3hHwQ,63,7,30,100
px1WIBaFseE,31,12,57,100
7Cn0-CwintU,163,46,189,398
IDXBKvaoXHc,41,76,81,198
Lk7iJthBk6I,216,54,130,400
4gKhm09PKPQ,158,70,172,400
4kmSATD25iY,216,61,320,597
Lwn97mpBCu8,264,119,217,600
J5b_-TZwQ0I,216,131,152,499
edMOQR_r2v4,142,24,34,200
tqUKbEfW-B8,123,85,192,400
lv5uC6cfO5c,226,122,252,600
3yoGE3v4A8w,94,19,87,200
LnxSTShwDdQ,88,93,119,300
kMjuCx_kpiw,20,6,12,38
vsEhQOREmrE,141,41,118,300
KCNvREKTnQc,254,169,267,690
cvaVRlWltD4,43,13,144,200
jUrpOg4fBs0,167,76,454,697
xEqCt7GZo7M,156,20,124,300
OHL3J9cKNyg,15,5,9,29
3e9tJJKBlwM,204,130,163,497
CMfo-s9izIc,36,31,33,100
2y7rk7eHHAM,183,141,176,500
Z28FY82ERmA,125,36,196,357
noVEvsozyug,218,71,211,500
zPGRU49esCU,105,20,75,200
9chSjcOM5og,92,99,209,400
rfMJ-DylWBs,107,169,224,500
JcI8yn7xQWo,34,22,44,100
_MEFyG-IE_I,205,95,100,400
L_vQW3xQEhc,144,35,121,300
eFDfST838NM,40,9,18,67
txvKrTplOVs,225,154,221,600
qbRKHpE-30Y,86,120,194,400
c2BcR39AtxE,94,39,367,500
8RlChzDl1Tw,244,44,112,400
82t9Tk9dUHs,149,127,324,600
